-6.28004,6.28004
-6.04735,6.04735
13.3048,-13.3048
2.06781,-2.06781
6.23567,-6.23567
14.1515,-14.1515
-1.4912,1.4912
-2.25438,2.25438
11.5997,-11.5997
8.97411,-8.97411
-5.70532,5.70532
-1.62649,1.62649
16.3255,-16.3255
-3.34983,3.34983
-4.89465,4.89465
-5.94845,5.94845
14.0959,-14.0959
-0.0257233,0.0257233
9.00567,-9.00567
-4.74723,4.74723
-8.62616,8.62616
-5.80179,5.80179
-7.88339,7.88339
9.58998,-9.58998
6.54702,-6.54702
11.7694,-11.7694
0.692514,-0.692514
-2.28778,2.28778
6.27643,-6.27643
-4.09694,4.09694
5.35235,-5.35235
-5.11536,5.11536
-7.41599,7.41599
16.1154,-16.1154
-7.64355,7.64355
8.18263,-8.18263
6.55495,-6.55495
9.62384,-9.62384
14.4791,-14.4791
13.2498,-13.2498
9.77374,-9.77374
12.9578,-12.9578
13.7129,-13.7129
4.55077,-4.55077
13.7742,-13.7742
-4.81754,4.81754
15.3469,-15.3469
11.6334,-11.6334
12.027,-12.027
14.6007,-14.6007
-4.87742,4.87742
19.7545,-19.7545
11.8945,-11.8945
4.35713,-4.35713
-7.43887,7.43887
4.81734,-4.81734
-6.47526,6.47526
-1.38937,1.38937
3.50699,-3.50699
8.30088,-8.30088
5.91117,-5.91117
-3.0993,3.0993
7.91873,-7.91873
13.2168,-13.2168
11.7474,-11.7474
-4.91111,4.91111
2.57045,-2.57045
6.89774,-6.89774
-3.03018,3.03018
9.71692,-9.71692
5.28065,-5.28065
1.68105,-1.68105
11.3043,-11.3043
-5.39227,5.39227
-3.94762,3.94762
12.6058,-12.6058
3.29385,-3.29385
8.78549,-8.78549
1.5167,-1.5167
-4.72934,4.72934
-2.44515,2.44515
4.415,-4.415
5.72941,-5.72941
3.39733,-3.39733
16.5835,-16.5835
10.5608,-10.5608
15.969,-15.969
8.37603,-8.37603
-5.7566,5.7566
5.49943,-5.49943
10.2927,-10.2927
12.1192,-12.1192
11.6916,-11.6916
17.3287,-17.3287
-1.70765,1.70765
2.03622,-2.03622
-1.17436,1.17436
0.0226345,-0.0226345
11.9431,-11.9431
17.9801,-17.9801
11.4746,-11.4746
6.26165,-6.26165
15.2791,-15.2791
14.1373,-14.1373
-6.20786,6.20786
6.56137,-6.56137
-5.63086,5.63086
0.0174177,-0.0174177
0.821396,-0.821396
11.9646,-11.9646
1.30261,-1.30261
-5.05295,5.05295
0.507495,-0.507495
-0.492703,0.492703
-0.837417,0.837417
-3.54241,3.54241
9.62854,-9.62854
-4.61773,4.61773
4.0597,-4.0597
-7.71507,7.71507
7.54158,-7.54158
-4.52523,4.52523
6.55155,-6.55155
-4.75873,4.75873
3.73712,-3.73712
5.86169,-5.86169
11.0921,-11.0921
10.2802,-10.2802
-5.44464,5.44464
11.5825,-11.5825
-1.50117,1.50117
0.476757,-0.476757
7.21096,-7.21096
-4.86474,4.86474
15.263,-15.263
8.28792,-8.28792
5.51919,-5.51919
3.52642,-3.52642
5.83553,-5.83553
9.91836,-9.91836
9.74415,-9.74415
-6.70519,6.70519
19.5458,-19.5458
2.40666,-2.40666
5.36966,-5.36966
8.83347,-8.83347
2.8096,-2.8096
2.8564,-2.8564
1.39308,-1.39308
-3.15064,3.15064
-5.90999,5.90999
6.94757,-6.94757
11.8438,-11.8438
11.6454,-11.6454
-1.72003,1.72003
13.2306,-13.2306
0.692883,-0.692883
5.08452,-5.08452
-4.54058,4.54058
-8.6323,8.6323
11.2714,-11.2714
-2.2486,2.2486
13.633,-13.633
-4.31803,4.31803
6.67759,-6.67759
0.607357,-0.607357
9.58901,-9.58901
15.932,-15.932
10.8315,-10.8315
3.06124,-3.06124
6.50765,-6.50765
13.5049,-13.5049
-1.68241,1.68241
-6.05207,6.05207
10.3012,-10.3012
15.6563,-15.6563
13.9863,-13.9863
4.32894,-4.32894
2.29119,-2.29119
16.8775,-16.8775
4.55769,-4.55769
-3.07325,3.07325
4.07433,-4.07433
13.3308,-13.3308
14.6114,-14.6114
-2.54253,2.54253
9.36093,-9.36093
13.1068,-13.1068
-5.4943,5.4943
2.19355,-2.19355
-5.50825,5.50825
6.18917,-6.18917
-6.40378,6.40378
13.3599,-13.3599
9.61302,-9.61302
-6.22805,6.22805
18.5707,-18.5707
3.62515,-3.62515
11.4897,-11.4897
4.54272,-4.54272
-1.32917,1.32917
-6.93493,6.93493
-5.24233,5.24233
7.92961,-7.92961
13.5981,-13.5981
-2.99258,2.99258
6.03334,-6.03334
-4.55047,4.55047
8.44572,-8.44572
1.16466,-1.16466
-0.892372,0.892372
4.37215,-4.37215
17.6179,-17.6179
1.76953,-1.76953
-1.22671,1.22671
-2.56394,2.56394
0.783601,-0.783601
12.6219,-12.6219
4.43376,-4.43376
-3.15474,3.15474
8.27674,-8.27674
-6.79398,6.79398
-4.74542,4.74542
-2.5248,2.5248
2.96983,-2.96983
9.64649,-9.64649
2.15228,-2.15228
-5.62931,5.62931
11.2906,-11.2906
11.8613,-11.8613
-2.80382,2.80382
-5.37187,5.37187
3.20123,-3.20123
-5.71979,5.71979
-4.72337,4.72337
3.2391,-3.2391
-4.11501,4.11501
-0.568871,0.568871
8.73354,-8.73354
-6.52326,6.52326
6.53809,-6.53809
-10.9979,10.9979
2.99481,-2.99481
-7.60775,7.60775
6.15079,-6.15079
10.3617,-10.3617
16.5385,-16.5385
-6.0673,6.0673
-0.643776,0.643776
7.50749,-7.50749
-3.78174,3.78174
-7.35228,7.35228
-0.827156,0.827156
-5.9041,5.9041
2.52499,-2.52499
5.14758,-5.14758
2.65544,-2.65544
-5.49705,5.49705
0.844433,-0.844433
-0.456606,0.456606
20.6839,-20.6839
14.4901,-14.4901
8.90686,-8.90686
-7.93171,7.93171
5.2244,-5.2244
7.41135,-7.41135
10.6344,-10.6344
11.665,-11.665
12.541,-12.541
2.39344,-2.39344
-4.42817,4.42817
10.8323,-10.8323
6.10552,-6.10552
12.4594,-12.4594
7.92687,-7.92687
-2.16083,2.16083
-1.70906,1.70906
-0.558764,0.558764
-1.79694,1.79694
12.0012,-12.0012
0.0126223,-0.0126223
8.27554,-8.27554
5.2923,-5.2923
11.2557,-11.2557
-7.42633,7.42633
5.34591,-5.34591
-4.39609,4.39609
-1.40712,1.40712
12.6937,-12.6937
11.4851,-11.4851
2.94048,-2.94048
-7.48539,7.48539
10.7336,-10.7336
8.28747,-8.28747
5.08608,-5.08608
-1.55132,1.55132
15.2605,-15.2605
2.18659,-2.18659
0.84369,-0.84369
-4.65273,4.65273
4.53654,-4.53654
7.35365,-7.35365
6.90334,-6.90334
9.94486,-9.94486
0.212579,-0.212579
-3.89033,3.89033
5.47962,-5.47962
5.68576,-5.68576
-6.6251,6.6251
5.92246,-5.92246
6.49231,-6.49231
1.20611,-1.20611
-5.76154,5.76154
18.5594,-18.5594
12.8327,-12.8327
-6.70908,6.70908
12.0659,-12.0659
6.55593,-6.55593
9.32253,-9.32253
-7.38847,7.38847
2.51361,-2.51361
5.86585,-5.86585
15.4042,-15.4042
-3.74526,3.74526
9.50578,-9.50578
0.755898,-0.755898
-2.25748,2.25748
11.2782,-11.2782
5.75775,-5.75775
14.5275,-14.5275
-5.28631,5.28631
-6.44205,6.44205
-5.09002,5.09002
6.34467,-6.34467
-1.4409,1.4409
-3.17991,3.17991
18.0275,-18.0275
7.15543,-7.15543
-5.29436,5.29436
7.96257,-7.96257
13.924,-13.924
6.73062,-6.73062
3.03289,-3.03289
-4.28955,4.28955
8.74035,-8.74035
7.63191,-7.63191
5.49869,-5.49869
-2.52445,2.52445
-3.23501,3.23501
10.686,-10.686
11.2455,-11.2455
9.37423,-9.37423
9.65853,-9.65853
7.85625,-7.85625
-0.26407,0.26407
-6.13076,6.13076
8.93539,-8.93539
-2.77407,2.77407
12.3846,-12.3846
-6.83252,6.83252
5.86553,-5.86553
0.921285,-0.921285
-5.95023,5.95023
-5.89508,5.89508
-5.1587,5.1587
-3.93298,3.93298
4.79078,-4.79078
13.439,-13.439
-8.14929,8.14929
5.99071,-5.99071
0.849715,-0.849715
4.4626,-4.4626
8.25272,-8.25272
18.6651,-18.6651
4.93484,-4.93484
12.2076,-12.2076
14.0716,-14.0716
0.17494,-0.17494
10.2805,-10.2805
-6.16693,6.16693
9.7519,-9.7519
10.4209,-10.4209
-1.36706,1.36706
3.91367,-3.91367
14.8085,-14.8085
8.84017,-8.84017
12.9813,-12.9813
13.1154,-13.1154
10.6341,-10.6341
9.7372,-9.7372
13.0252,-13.0252
4.36103,-4.36103
2.77469,-2.77469
19.0059,-19.0059
10.4071,-10.4071
-2.6682,2.6682
5.43654,-5.43654
1.59461,-1.59461
5.61674,-5.61674
-4.15577,4.15577
-5.08762,5.08762
5.24331,-5.24331
13.284,-13.284
-2.83211,2.83211
9.768,-9.768
8.35056,-8.35056
12.8057,-12.8057
15.0111,-15.0111
4.18,-4.18
-4.87875,4.87875
-2.39568,2.39568
10.1075,-10.1075
7.64712,-7.64712
-4.55598,4.55598
5.1987,-5.1987
3.57053,-3.57053
5.73934,-5.73934
10.6619,-10.6619
-2.53341,2.53341
2.50736,-2.50736
-0.760989,0.760989
-0.22866,0.22866
4.07241,-4.07241
-3.44784,3.44784
12.0506,-12.0506
11.2098,-11.2098
-4.18085,4.18085
-4.61169,4.61169
10.8641,-10.8641
-9.13721,9.13721
8.17968,-8.17968
-1.76411,1.76411
-2.33691,2.33691
-0.891454,0.891454
2.52353,-2.52353
12.1921,-12.1921
13.0241,-13.0241
0.234124,-0.234124
11.6794,-11.6794
5.60785,-5.60785
20.1147,-20.1147
-5.64946,5.64946
7.56447,-7.56447
-3.91938,3.91938
7.55705,-7.55705
16.6324,-16.6324
-9.28883,9.28883
-0.337654,0.337654
7.46142,-7.46142
-0.616849,0.616849
-8.31471,8.31471
10.222,-10.222
8.76686,-8.76686
17.315,-17.315
-2.5214,2.5214
3.99091,-3.99091
9.70139,-9.70139
4.82168,-4.82168
17.2551,-17.2551
-6.23729,6.23729
12.0384,-12.0384
11.5389,-11.5389
3.32494,-3.32494
15.2534,-15.2534
6.59736,-6.59736
13.7803,-13.7803
-4.73871,4.73871
-3.86722,3.86722
11.6212,-11.6212
4.23894,-4.23894
-5.16681,5.16681
1.1896,-1.1896
15.9079,-15.9079
3.77,-3.77
9.00275,-9.00275
-7.18298,7.18298
-5.39291,5.39291
7.47608,-7.47608
3.8996,-3.8996
10.7317,-10.7317
7.49433,-7.49433
11.9981,-11.9981
7.93807,-7.93807
7.74761,-7.74761
3.56347,-3.56347
13.0954,-13.0954
6.73579,-6.73579
-5.85265,5.85265
6.68478,-6.68478
-5.08891,5.08891
9.63555,-9.63555
-6.6585,6.6585
10.7407,-10.7407
3.38845,-3.38845
6.65176,-6.65176
3.35556,-3.35556
-6.28138,6.28138
-0.623155,0.623155
6.77006,-6.77006
5.14555,-5.14555
