-8.82028,8.82028
-7.58459,7.58459
-8.74654,8.74654
6.65513,-6.65513
-0.213843,0.213843
6.5308,-6.5308
3.81819,-3.81819
10.0317,-10.0317
10.7717,-10.7717
12.8967,-12.8967
8.77572,-8.77572
-5.17832,5.17832
-4.17129,4.17129
11.145,-11.145
12.4244,-12.4244
0.990729,-0.990729
5.33886,-5.33886
0.75835,-0.75835
2.28956,-2.28956
9.36876,-9.36876
4.80387,-4.80387
-1.40487,1.40487
-0.49807,0.49807
-1.71276,1.71276
6.46258,-6.46258
7.87325,-7.87325
12.5559,-12.5559
6.33717,-6.33717
6.88083,-6.88083
5.46645,-5.46645
13.6938,-13.6938
8.12913,-8.12913
-9.55012,9.55012
-0.030521,0.030521
1.88342,-1.88342
-1.76418,1.76418
15.8482,-15.8482
20.1297,-20.1297
8.32456,-8.32456
2.71826,-2.71826
14.3377,-14.3377
1.93787,-1.93787
9.03387,-9.03387
18.0127,-18.0127
-7.33887,7.33887
7.21258,-7.21258
6.63379,-6.63379
-1.06826,1.06826
12.1306,-12.1306
14.4513,-14.4513
-3.10528,3.10528
6.66243,-6.66243
-6.78269,6.78269
-5.69858,5.69858
-4.63937,4.63937
8.61039,-8.61039
12.3821,-12.3821
3.16329,-3.16329
9.51756,-9.51756
10.8058,-10.8058
0.168399,-0.168399
13.2385,-13.2385
24.2122,-24.2122
5.7614,-5.7614
12.1022,-12.1022
10.8898,-10.8898
2.43978,-2.43978
14.9203,-14.9203
15.9279,-15.9279
-8.96018,8.96018
1.64309,-1.64309
-9.93564,9.93564
-10.6333,10.6333
-2.13065,2.13065
9.30451,-9.30451
-5.85526,5.85526
-2.70327,2.70327
-3.86188,3.86188
14.3015,-14.3015
12.0438,-12.0438
5.87591,-5.87591
1.49094,-1.49094
-9.3507,9.3507
14.1583,-14.1583
-8.03585,8.03585
-6.55703,6.55703
10.9667,-10.9667
2.53934,-2.53934
13.9621,-13.9621
3.27991,-3.27991
9.69792,-9.69792
20.7992,-20.7992
17.6776,-17.6776
6.45999,-6.45999
-10.3349,10.3349
19.6442,-19.6442
-4.58473,4.58473
10.3914,-10.3914
11.2816,-11.2816
12.4537,-12.4537
6.88467,-6.88467
7.61283,-7.61283
-7.46366,7.46366
19.0958,-19.0958
3.23743,-3.23743
9.41423,-9.41423
10.7334,-10.7334
-5.23775,5.23775
-6.42943,6.42943
8.84662,-8.84662
4.53083,-4.53083
13.3137,-13.3137
-9.1838,9.1838
0.224259,-0.224259
8.80801,-8.80801
15.111,-15.111
3.74514,-3.74514
6.57702,-6.57702
15.0785,-15.0785
10.3393,-10.3393
13.7332,-13.7332
-9.84836,9.84836
8.43877,-8.43877
-4.26168,4.26168
0.051772,-0.051772
-9.56679,9.56679
-2.95349,2.95349
3.42245,-3.42245
1.53385,-1.53385
11.777,-11.777
14.9308,-14.9308
6.99979,-6.99979
-2.61924,2.61924
4.59425,-4.59425
8.43276,-8.43276
-7.94531,7.94531
16.3711,-16.3711
11.9592,-11.9592
-8.10304,8.10304
12.5981,-12.5981
9.68505,-9.68505
5.19051,-5.19051
-3.56218,3.56218
3.29357,-3.29357
8.72645,-8.72645
12.1405,-12.1405
7.12684,-7.12684
-8.42189,8.42189
-9.21358,9.21358
1.63379,-1.63379
10.1249,-10.1249
3.62227,-3.62227
18.2408,-18.2408
-4.69753,4.69753
5.42811,-5.42811
-6.49532,6.49532
-7.67415,7.67415
11.7981,-11.7981
14.9265,-14.9265
6.02702,-6.02702
9.80594,-9.80594
5.68628,-5.68628
3.59392,-3.59392
8.56307,-8.56307
7.21395,-7.21395
-4.15506,4.15506
-3.26433,3.26433
4.12474,-4.12474
-5.3545,5.3545
12.1551,-12.1551
-1.00502,1.00502
10.2817,-10.2817
11.3918,-11.3918
14.1949,-14.1949
-2.50179,2.50179
20.6777,-20.6777
8.51495,-8.51495
9.56924,-9.56924
13.7618,-13.7618
-3.48165,3.48165
8.48254,-8.48254
5.96777,-5.96777
-8.47906,8.47906
-11.123,11.123
0.605071,-0.605071
13.3791,-13.3791
-10.543,10.543
17.7845,-17.7845
5.9998,-5.9998
-5.40786,5.40786
11.5022,-11.5022
0.00146261,-0.00146261
7.58329,-7.58329
-8.18884,8.18884
6.68832,-6.68832
17.0275,-17.0275
-10.694,10.694
14.7957,-14.7957
9.06591,-9.06591
-3.08452,3.08452
21.5704,-21.5704
1.03593,-1.03593
8.91994,-8.91994
3.00832,-3.00832
4.8773,-4.8773
-9.92724,9.92724
11.5078,-11.5078
12.4936,-12.4936
7.10279,-7.10279
9.10759,-9.10759
11.9824,-11.9824
4.16591,-4.16591
10.4356,-10.4356
11.4997,-11.4997
8.88547,-8.88547
6.06465,-6.06465
-4.83159,4.83159
-5.2202,5.2202
-2.05815,2.05815
9.39467,-9.39467
10.4809,-10.4809
9.15766,-9.15766
0.132736,-0.132736
0.293095,-0.293095
16.0193,-16.0193
9.71841,-9.71841
9.79375,-9.79375
13.292,-13.292
5.88517,-5.88517
13.6031,-13.6031
-9.02041,9.02041
7.88751,-7.88751
0.704452,-0.704452
-5.43365,5.43365
9.14441,-9.14441
9.70485,-9.70485
11.5505,-11.5505
7.96864,-7.96864
-10.9448,10.9448
-8.32097,8.32097
-2.15865,2.15865
8.07298,-8.07298
-10.6318,10.6318
14.1929,-14.1929
16.1879,-16.1879
9.46496,-9.46496
11.6297,-11.6297
10.7813,-10.7813
11.7057,-11.7057
6.26769,-6.26769
10.8828,-10.8828
-3.31659,3.31659
-7.65999,7.65999
12.0604,-12.0604
0.944249,-0.944249
13.2477,-13.2477
11.0954,-11.0954
-9.99419,9.99419
13.8496,-13.8496
15.6961,-15.6961
10.7845,-10.7845
13.7775,-13.7775
8.6154,-8.6154
2.78556,-2.78556
6.72355,-6.72355
14.2656,-14.2656
1.63325,-1.63325
6.60655,-6.60655
13.2255,-13.2255
9.37099,-9.37099
11.0256,-11.0256
-8.92213,8.92213
-4.81688,4.81688
13.9209,-13.9209
19.7217,-19.7217
2.91283,-2.91283
6.93811,-6.93811
3.32781,-3.32781
12.8574,-12.8574
10.271,-10.271
-13.3266,13.3266
5.13734,-5.13734
4.03549,-4.03549
5.58107,-5.58107
-9.68884,9.68884
10.6611,-10.6611
14.9866,-14.9866
12.5181,-12.5181
1.81452,-1.81452
-5.75014,5.75014
11.3006,-11.3006
10.6506,-10.6506
-9.95605,9.95605
9.81136,-9.81136
10.785,-10.785
-9.99811,9.99811
-7.63307,7.63307
-8.47246,8.47246
-7.90775,7.90775
1.04615,-1.04615
-10.1265,10.1265
6.31217,-6.31217
14.4983,-14.4983
7.51509,-7.51509
16.6386,-16.6386
18.9977,-18.9977
19.4465,-19.4465
7.0126,-7.0126
10.1968,-10.1968
12.0364,-12.0364
-10.0646,10.0646
-10.4657,10.4657
8.83321,-8.83321
14.0443,-14.0443
2.70368,-2.70368
-7.25059,7.25059
12.2384,-12.2384
4.58927,-4.58927
5.51882,-5.51882
-10.1183,10.1183
9.71583,-9.71583
13.2335,-13.2335
8.95918,-8.95918
15.4491,-15.4491
-5.84749,5.84749
10.3153,-10.3153
4.2297,-4.2297
1.55261,-1.55261
-5.37093,5.37093
-9.99408,9.99408
5.94603,-5.94603
15.6584,-15.6584
14.213,-14.213
-0.319505,0.319505
-1.32797,1.32797
2.95628,-2.95628
-9.72348,9.72348
8.83317,-8.83317
13.8451,-13.8451
14.8535,-14.8535
-3.05831,3.05831
16.9022,-16.9022
12.0598,-12.0598
-7.67775,7.67775
13.3732,-13.3732
-8.5893,8.5893
4.99791,-4.99791
12.2979,-12.2979
-11.2382,11.2382
16.1888,-16.1888
4.78752,-4.78752
5.70011,-5.70011
-3.64976,3.64976
8.26636,-8.26636
-8.48314,8.48314
-5.18202,5.18202
-1.97734,1.97734
13.8926,-13.8926
1.45537,-1.45537
7.02392,-7.02392
9.84888,-9.84888
15.3139,-15.3139
-9.92527,9.92527
14.3241,-14.3241
6.42002,-6.42002
8.49827,-8.49827
-4.66692,4.66692
-4.66526,4.66526
4.77632,-4.77632
8.11274,-8.11274
5.09114,-5.09114
8.55088,-8.55088
-6.95003,6.95003
-1.03373,1.03373
5.63155,-5.63155
-5.41336,5.41336
13.4844,-13.4844
7.4234,-7.4234
13.107,-13.107
2.75106,-2.75106
-4.93474,4.93474
-7.83434,7.83434
7.69972,-7.69972
5.90744,-5.90744
5.1593,-5.1593
10.8346,-10.8346
7.8571,-7.8571
-7.56428,7.56428
-6.98779,6.98779
4.26405,-4.26405
12.4486,-12.4486
-9.53044,9.53044
5.88362,-5.88362
6.5015,-6.5015
1.43834,-1.43834
5.77145,-5.77145
9.90253,-9.90253
-4.09794,4.09794
-6.79129,6.79129
14.4543,-14.4543
-6.02975,6.02975
10.593,-10.593
5.43622,-5.43622
1.85246,-1.85246
-3.13556,3.13556
11.3074,-11.3074
-4.42841,4.42841
1.02217,-1.02217
3.51546,-3.51546
11.1598,-11.1598
7.55278,-7.55278
13.1147,-13.1147
-6.4943,6.4943
6.8108,-6.8108
-8.35338,8.35338
13.6626,-13.6626
-7.32624,7.32624
15.851,-15.851
-4.80616,4.80616
-8.65599,8.65599
6.10744,-6.10744
-0.646665,0.646665
10.9786,-10.9786
-10.7776,10.7776
11.2806,-11.2806
9.00233,-9.00233
6.42708,-6.42708
14.005,-14.005
-7.81909,7.81909
7.38549,-7.38549
8.54585,-8.54585
-6.71348,6.71348
12.015,-12.015
15.0692,-15.0692
-4.18093,4.18093
-6.00445,6.00445
7.83759,-7.83759
0.711524,-0.711524
2.61468,-2.61468
3.54173,-3.54173
-10.6893,10.6893
-3.79275,3.79275
6.54511,-6.54511
-7.88116,7.88116
-5.7132,5.7132
9.50326,-9.50326
17.6634,-17.6634
-9.03186,9.03186
-9.2135,9.2135
5.51432,-5.51432
1.78306,-1.78306
-10.6837,10.6837
-7.44988,7.44988
3.61662,-3.61662
-6.10395,6.10395
7.99909,-7.99909
9.31537,-9.31537
9.59509,-9.59509
-3.62612,3.62612
12.7106,-12.7106
-6.67101,6.67101
11.8889,-11.8889
17.1001,-17.1001
7.16772,-7.16772
-9.32461,9.32461
9.87966,-9.87966
-5.58665,5.58665
8.86377,-8.86377
-8.04002,8.04002
3.30569,-3.30569
13.2772,-13.2772
9.34238,-9.34238
-9.49485,9.49485
-3.12616,3.12616
-2.07528,2.07528
-11.8729,11.8729
14.6201,-14.6201
19.1789,-19.1789
-4.15834,4.15834
8.84955,-8.84955
-10.5365,10.5365
3.26059,-3.26059
-4.375,4.375
11.2158,-11.2158
-8.6211,8.6211
-7.64568,7.64568
-5.28206,5.28206
-1.58763,1.58763
8.2689,-8.2689
-6.08028,6.08028
-9.65545,9.65545
-4.80088,4.80088
10.7428,-10.7428
-8.59415,8.59415
-1.58757,1.58757
-9.83492,9.83492
7.47481,-7.47481
13.8097,-13.8097
6.85483,-6.85483
2.77134,-2.77134
