0	0.294000		0.320000	0
1	0.293500		0.320000	0
2	0.310000		0.304000	1
3	0.170500		0.196000	1
4	0.171000		0.196000	1
5	0.119000		0.152000	1
6	0.157000		0.192000	1
7	0.116000		0.128000	2
8	0.116000		0.136000	2
9	0.095000		0.124000	2
10	0.086000		0.118000	2
11	0.088000		0.108000	2
12	0.084000		0.124000	3
13	0.081000		0.114000	3
14	0.078500		0.102000	3
15	0.076000		0.106000	3
16	0.072000		0.110000	3
17	0.072500		0.098000	4
18	0.071000		0.100000	4
19	0.072500		0.092000	4
20	0.070000		0.094000	4
21	0.070500		0.088000	4
22	0.072000		0.086000	5
23	0.070000		0.090000	5
24	0.070500		0.084000	5
25	0.069000		0.078000	5
26	0.070500		0.086000	5
27	0.068500		0.082000	6
28	0.067000		0.088000	6
29	0.068000		0.090000	6
30	0.065000		0.086000	6
31	0.067500		0.082000	6
32	0.062500		0.086000	7
33	0.066000		0.092000	7
34	0.065000		0.092000	7
35	0.067000		0.102000	7
36	0.067000		0.104000	7
37	0.063500		0.096000	8
38	0.066000		0.100000	8
39	0.065500		0.090000	8
40	0.064500		0.086000	8
41	0.062500		0.082000	9
42	0.062000		0.090000	9
43	0.062000		0.084000	9
44	0.057500		0.088000	9
45	0.059000		0.082000	9
46	0.056500		0.082000	10
47	0.059000		0.088000	10
48	0.057000		0.084000	10
49	0.057000		0.088000	10
50	0.056000		0.082000	10
51	0.059000		0.090000	11
52	0.055000		0.084000	11
53	0.057000		0.084000	11
54	0.055000		0.086000	11
55	0.056500		0.086000	11
56	0.055000		0.090000	12
57	0.054500		0.084000	12
58	0.051500		0.094000	12
59	0.053000		0.084000	12
60	0.050000		0.090000	12
61	0.053000		0.088000	13
62	0.050000		0.088000	13
63	0.053000		0.084000	13
64	0.052000		0.086000	13
65	0.054000		0.092000	13
66	0.050000		0.086000	14
67	0.051000		0.088000	14
68	0.049000		0.084000	14
69	0.050500		0.086000	14
70	0.052000		0.084000	14
71	0.049000		0.082000	15
72	0.049500		0.086000	15
73	0.049000		0.086000	15
74	0.048000		0.086000	15
75	0.049500		0.084000	15
76	0.047000		0.084000	16
77	0.047000		0.084000	16
78	0.046500		0.084000	16
79	0.043000		0.084000	16
80	0.043500		0.090000	16
81	0.043000		0.086000	17
82	0.042500		0.090000	17
83	0.044500		0.088000	17
84	0.046500		0.086000	17
85	0.045500		0.080000	18
86	0.046000		0.082000	18
87	0.042500		0.080000	18
88	0.042500		0.084000	18
89	0.043000		0.086000	18
90	0.042500		0.086000	19
91	0.040500		0.080000	19
92	0.039000		0.084000	19
93	0.039000		0.084000	19
94	0.042500		0.082000	19
95	0.037500		0.082000	20
96	0.040000		0.088000	20
97	0.038500		0.090000	20
98	0.039500		0.088000	20
99	0.036500		0.094000	20
100	0.037000		0.092000	21
101	0.036500		0.092000	21
102	0.039000		0.092000	21
103	0.032500		0.090000	21
104	0.037000		0.096000	21
105	0.033500		0.092000	22
106	0.038500		0.090000	22
107	0.034500		0.094000	22
108	0.038500		0.088000	22
109	0.032500		0.092000	22
110	0.035500		0.092000	23
111	0.030500		0.094000	23
112	0.037500		0.090000	23
113	0.034000		0.090000	23
114	0.034000		0.090000	23
115	0.031500		0.094000	24
116	0.033000		0.090000	24
117	0.033000		0.084000	24
118	0.035000		0.090000	24
119	0.032500		0.086000	24
120	0.033000		0.092000	25
121	0.030500		0.090000	25
122	0.031500		0.090000	25
123	0.030000		0.092000	25
124	0.032000		0.086000	25
125	0.028000		0.098000	26
126	0.031000		0.086000	26
127	0.028500		0.096000	26
128	0.027000		0.092000	26
129	0.026000		0.090000	26
130	0.028500		0.090000	27
131	0.026000		0.090000	27
132	0.026500		0.090000	27
133	0.024000		0.094000	27
134	0.025500		0.094000	28
135	0.022500		0.094000	28
136	0.023500		0.092000	28
137	0.022000		0.090000	28
138	0.024000		0.094000	28
139	0.023500		0.090000	29
140	0.022000		0.096000	29
141	0.023000		0.092000	29
142	0.023000		0.090000	29
143	0.026000		0.090000	29
144	0.025500		0.084000	30
145	0.024500		0.090000	30
146	0.023500		0.088000	30
147	0.023000		0.090000	30
148	0.021500		0.092000	30
149	0.022500		0.088000	31
150	0.020000		0.090000	31
151	0.021500		0.088000	31
152	0.021000		0.086000	31
153	0.018500		0.086000	31
154	0.020500		0.084000	32
155	0.018500		0.080000	32
156	0.018500		0.086000	32
157	0.017500		0.086000	32
158	0.017000		0.090000	32
159	0.016000		0.086000	33
160	0.016500		0.090000	33
161	0.017500		0.086000	33
162	0.017000		0.092000	33
163	0.014500		0.084000	33
164	0.017500		0.084000	34
165	0.018500		0.080000	34
166	0.017500		0.084000	34
167	0.015500		0.082000	34
168	0.017000		0.086000	34
169	0.015000		0.088000	35
170	0.016000		0.082000	35
171	0.015500		0.086000	35
172	0.012500		0.088000	35
173	0.013500		0.092000	35
174	0.013500		0.090000	36
175	0.013500		0.088000	36
176	0.013000		0.084000	36
177	0.014500		0.084000	36
178	0.013000		0.088000	36
179	0.012000		0.082000	37
180	0.012500		0.086000	37
181	0.010500		0.084000	37
182	0.013000		0.090000	37
183	0.012000		0.088000	38
184	0.013000		0.086000	38
185	0.011500		0.088000	38
186	0.011500		0.092000	38
187	0.011000		0.090000	38
188	0.009500		0.094000	39
189	0.010500		0.092000	39
190	0.008500		0.094000	39
191	0.008500		0.094000	39
192	0.009500		0.094000	39
193	0.008000		0.094000	40
194	0.009000		0.094000	40
195	0.007500		0.094000	40
196	0.008500		0.094000	40
197	0.007000		0.094000	40
198	0.007500		0.092000	41
199	0.008000		0.094000	41
200	0.008000		0.092000	41
201	0.008000		0.092000	41
202	0.007500		0.088000	41
203	0.008000		0.092000	42
204	0.008000		0.086000	42
205	0.008000		0.088000	42
206	0.007500		0.088000	42
207	0.006500		0.088000	42
208	0.007500		0.088000	43
209	0.006000		0.088000	43
210	0.005500		0.088000	43
211	0.006000		0.088000	43
212	0.005000		0.086000	43
213	0.006500		0.088000	44
214	0.005000		0.086000	44
215	0.005000		0.086000	44
216	0.005500		0.086000	44
217	0.004500		0.084000	44
218	0.004000		0.086000	45
219	0.003500		0.084000	45
220	0.003500		0.088000	45
221	0.004000		0.084000	45
222	0.003500		0.092000	45
223	0.004500		0.090000	46
224	0.004000		0.092000	46
225	0.004500		0.088000	46
226	0.004500		0.090000	46
227	0.004000		0.088000	46
228	0.005500		0.090000	47
229	0.004000		0.092000	47
230	0.004500		0.090000	47
231	0.003500		0.090000	47
232	0.003000		0.090000	48
233	0.003500		0.090000	48
234	0.002500		0.092000	48
235	0.002500		0.090000	48
236	0.002000		0.088000	48
237	0.003500		0.090000	49
238	0.003000		0.088000	49
239	0.003000		0.088000	49
240	0.003000		0.088000	49
241	0.003000		0.088000	49
242	0.003000		0.088000	50
243	0.002500		0.088000	50
244	0.002000		0.088000	50
245	0.003000		0.086000	50
246	0.003500		0.086000	50
247	0.003000		0.084000	51
248	0.002000		0.086000	51
249	0.003000		0.084000	51
250	0.002000		0.086000	51
251	0.003000		0.088000	51
252	0.002000		0.084000	52
253	0.002000		0.084000	52
254	0.002500		0.084000	52
255	0.002500		0.088000	52
256	0.001500		0.084000	52
257	0.001500		0.090000	53
258	0.001500		0.086000	53
259	0.000500		0.084000	53
260	0.001000		0.084000	53
261	0.001500		0.088000	53
262	0.000500		0.084000	54
263	0.001500		0.088000	54
264	0.000500		0.084000	54
265	0.001500		0.082000	54
266	0.000500		0.080000	54
267	0.001500		0.084000	55
268	0.000500		0.080000	55
269	0.001500		0.082000	55
270	0.000500		0.080000	55
271	0.002000		0.078000	55
272	0.000500		0.082000	56
273	0.001500		0.086000	56
274	0.000500		0.080000	56
275	0.001500		0.084000	56
276	0.001000		0.084000	57
277	0.001000		0.084000	57
278	0.000500		0.084000	57
279	0.001000		0.088000	57
280	0.000500		0.084000	57
281	0.001000		0.086000	58
282	0.000500		0.092000	58
283	0.000500		0.088000	58
284	0.000500		0.090000	58
285	0.000500		0.086000	58
286	0.000500		0.090000	59
287	0.000500		0.084000	59
288	0.001000		0.092000	59
289	0.000500		0.086000	59
290	0.001000		0.092000	59
291	0.000500		0.086000	60
292	0.001000		0.092000	60
293	0.000500		0.086000	60
294	0.001000		0.088000	60
295	0.000500		0.088000	60
296	0.000500		0.090000	61
297	0.000500		0.088000	61
298	0.000500		0.088000	61
299	0.000500		0.088000	61
300	0.000500		0.088000	61
301	0.000500		0.088000	62
302	0.000500		0.088000	62
303	0.000500		0.084000	62
304	0.000500		0.088000	62
305	0.000500		0.086000	62
306	0.000500		0.090000	63
307	0.000500		0.084000	63
308	0.000500		0.090000	63
309	0.000500		0.090000	63
310	0.000500		0.086000	63
311	0.000500		0.082000	64
312	0.000500		0.084000	64
313	0.000500		0.082000	64
314	0.000500		0.086000	64
315	0.000500		0.086000	64
316	0.000500		0.086000	65
317	0.000500		0.088000	65
318	0.000500		0.088000	65
319	0.000500		0.088000	65
320	0.000500		0.088000	65
321	0.000500		0.088000	66
322	0.000500		0.090000	66
323	0.000500		0.090000	66
324	0.000500		0.088000	66
325	0.000500		0.086000	67
326	0.000500		0.090000	67
327	0.000500		0.088000	67
328	0.000500		0.090000	67
329	0.000000		0.086000	67
330	0.000500		0.088000	68
331	0.000000		0.086000	68
332	0.000500		0.088000	68
333	0.000500		0.090000	68
334	0.000000		0.086000	68
335	0.000500		0.088000	69
336	0.000000		0.086000	69
337	0.000500		0.088000	69
338	0.000000		0.080000	69
339	0.000500		0.086000	69
340	0.000000		0.086000	70
341	0.000000		0.086000	70
342	0.000000		0.084000	70
343	0.000000		0.084000	70
344	0.000000		0.084000	70
345	0.000000		0.082000	71
346	0.000000		0.084000	71
347	0.000000		0.082000	71
348	0.000000		0.084000	71
349	0.000000		0.086000	71
350	0.000000		0.084000	72
351	0.000000		0.084000	72
352	0.000000		0.086000	72
353	0.000000		0.086000	72
354	0.000000		0.090000	72
355	0.000000		0.088000	73
356	0.000000		0.090000	73
357	0.000000		0.088000	73
358	0.000000		0.090000	73
359	0.000000		0.086000	73
360	0.000000		0.088000	74
361	0.000000		0.088000	74
362	0.000000		0.086000	74
363	0.000000		0.086000	74
364	0.000000		0.092000	74
365	0.000000		0.086000	75
366	0.000000		0.090000	75
367	0.000000		0.088000	75
368	0.000000		0.090000	75
369	0.000000		0.092000	76
370	0.000000		0.092000	76
371	0.000000		0.092000	76
372	0.000000		0.088000	76
373	0.000000		0.090000	76
374	0.000000		0.088000	77
375	0.000000		0.088000	77
376	0.000000		0.084000	77
377	0.000000		0.088000	77
378	0.000000		0.082000	77
379	0.000000		0.086000	78
380	0.000000		0.084000	78
381	0.000000		0.084000	78
382	0.000000		0.086000	78
383	0.000000		0.086000	78
384	0.000000		0.086000	79
385	0.000000		0.086000	79
386	0.000000		0.084000	79
387	0.000000		0.086000	79
388	0.000000		0.086000	79
389	0.000000		0.088000	80
390	0.000000		0.084000	80
391	0.000000		0.088000	80
392	0.000000		0.084000	80
393	0.000000		0.086000	80
394	0.000000		0.084000	81
395	0.000000		0.086000	81
396	0.000000		0.084000	81
397	0.000000		0.086000	81
398	0.000000		0.084000	81
399	0.000000		0.086000	82
400	0.000000		0.084000	82
401	0.000000		0.088000	82
402	0.000000		0.084000	82
403	0.000000		0.086000	82
404	0.000000		0.086000	83
405	0.000000		0.084000	83
406	0.000000		0.086000	83
407	0.000000		0.084000	83
408	0.000000		0.084000	83
409	0.000000		0.084000	84
410	0.000000		0.084000	84
411	0.000000		0.084000	84
412	0.000000		0.084000	84
413	0.000000		0.084000	84
414	0.000000		0.084000	85
415	0.000000		0.084000	85
416	0.000000		0.084000	85
417	0.000000		0.084000	85
418	0.000000		0.082000	86
419	0.000000		0.084000	86
420	0.000000		0.082000	86
421	0.000000		0.084000	86
422	0.000000		0.082000	86
423	0.000000		0.084000	87
424	0.000000		0.084000	87
425	0.000000		0.084000	87
426	0.000000		0.084000	87
427	0.000000		0.084000	87
428	0.000000		0.084000	88
429	0.000000		0.084000	88
430	0.000000		0.084000	88
431	0.000000		0.084000	88
432	0.000000		0.084000	88
433	0.000000		0.084000	89
434	0.000000		0.084000	89
435	0.000000		0.084000	89
436	0.000000		0.084000	89
437	0.000000		0.084000	89
438	0.000000		0.084000	90
439	0.000000		0.084000	90
440	0.000000		0.084000	90
441	0.000000		0.084000	90
442	0.000000		0.084000	90
443	0.000000		0.084000	91
444	0.000000		0.082000	91
445	0.000000		0.086000	91
446	0.000000		0.082000	91
447	0.000000		0.086000	91
448	0.000000		0.082000	92
449	0.000000		0.086000	92
450	0.000000		0.086000	92
451	0.000000		0.086000	92
452	0.000000		0.086000	92
453	0.000000		0.082000	93
454	0.000000		0.086000	93
455	0.000000		0.082000	93
456	0.000000		0.086000	93
457	0.000000		0.082000	93
458	0.000000		0.086000	94
459	0.000000		0.082000	94
460	0.000000		0.082000	94
461	0.000000		0.082000	94
462	0.000000		0.082000	94
463	0.000000		0.082000	95
464	0.000000		0.082000	95
465	0.000000		0.082000	95
466	0.000000		0.082000	95
467	0.000000		0.082000	96
468	0.000000		0.082000	96
469	0.000000		0.082000	96
470	0.000000		0.082000	96
471	0.000000		0.082000	96
472	0.000000		0.082000	97
473	0.000000		0.082000	97
474	0.000000		0.082000	97
475	0.000000		0.082000	97
476	0.000000		0.084000	97
477	0.000000		0.082000	98
478	0.000000		0.082000	98
479	0.000000		0.086000	98
480	0.000000		0.088000	98
481	0.000000		0.086000	98
482	0.000000		0.084000	99
483	0.000000		0.084000	99
484	0.000000		0.086000	99
485	0.000000		0.084000	99
486	0.000000		0.086000	99
487	0.000000		0.084000	100
488	0.000000		0.084000	100
489	0.000000		0.086000	100
490	0.000000		0.084000	100
491	0.000000		0.084000	100
492	0.000000		0.086000	101
493	0.000000		0.086000	101
494	0.000000		0.086000	101
495	0.000000		0.086000	101
496	0.000000		0.088000	101
497	0.000000		0.086000	102
498	0.000000		0.084000	102
499	0.000000		0.084000	102
500	0.000000		0.084000	102
501	0.000000		0.084000	102
502	0.000000		0.084000	103
503	0.000000		0.086000	103
504	0.000000		0.082000	103
505	0.000000		0.080000	103
506	0.000000		0.082000	103
507	0.000000		0.080000	104
508	0.000000		0.082000	104
509	0.000000		0.080000	104
510	0.000000		0.080000	104
511	0.000000		0.082000	104
512	0.000000		0.082000	105
513	0.000000		0.084000	105
514	0.000000		0.082000	105
515	0.000000		0.084000	105
516	0.000000		0.082000	105
517	0.000000		0.082000	106
518	0.000000		0.082000	106
519	0.000000		0.082000	106
520	0.000000		0.080000	106
521	0.000000		0.082000	107
522	0.000000		0.080000	107
523	0.000000		0.084000	107
524	0.000000		0.080000	107
525	0.000000		0.084000	107
526	0.000000		0.080000	108
527	0.000000		0.084000	108
528	0.000000		0.080000	108
529	0.000000		0.086000	108
530	0.000000		0.088000	108
531	0.000000		0.090000	109
532	0.000000		0.086000	109
533	0.000000		0.086000	109
534	0.000000		0.084000	109
535	0.000000		0.086000	109
536	0.000000		0.086000	110
537	0.000000		0.086000	110
538	0.000000		0.084000	110
539	0.000000		0.086000	110
540	0.000000		0.086000	110
541	0.000000		0.088000	111
542	0.000000		0.088000	111
543	0.000000		0.088000	111
544	0.000000		0.086000	111
545	0.000000		0.086000	111
546	0.000000		0.086000	112
547	0.000000		0.090000	112
548	0.000000		0.090000	112
549	0.000000		0.088000	112
550	0.000000		0.088000	112
551	0.000000		0.088000	113
552	0.000000		0.090000	113
553	0.000000		0.088000	113
554	0.000000		0.090000	113
555	0.000000		0.086000	113
556	0.000000		0.088000	114
557	0.000000		0.086000	114
558	0.000000		0.088000	114
559	0.000000		0.082000	114
560	0.000000		0.082000	114
561	0.000000		0.084000	115
562	0.000000		0.084000	115
563	0.000000		0.082000	115
564	0.000000		0.084000	115
565	0.000000		0.084000	115
566	0.000000		0.082000	116
567	0.000000		0.084000	116
568	0.000000		0.082000	116
569	0.000000		0.080000	116
570	0.000000		0.082000	116
571	0.000000		0.082000	117
572	0.000000		0.084000	117
573	0.000000		0.080000	117
574	0.000000		0.084000	117
575	0.000000		0.082000	118
576	0.000000		0.082000	118
577	0.000000		0.082000	118
578	0.000000		0.082000	118
579	0.000000		0.082000	118
580	0.000000		0.084000	119
581	0.000000		0.082000	119
582	0.000000		0.084000	119
583	0.000000		0.082000	119
584	0.000000		0.084000	119
585	0.000000		0.082000	120
586	0.000000		0.084000	120
587	0.000000		0.084000	120
588	0.000000		0.084000	120
589	0.000000		0.084000	120
590	0.000000		0.084000	121
591	0.000000		0.084000	121
592	0.000000		0.084000	121
593	0.000000		0.084000	121
594	0.000000		0.084000	121
595	0.000000		0.084000	122
596	0.000000		0.084000	122
597	0.000000		0.084000	122
598	0.000000		0.084000	122
599	0.000000		0.084000	122
600	0.000000		0.084000	123
601	0.000000		0.082000	123
602	0.000000		0.084000	123
603	0.000000		0.082000	123
604	0.000000		0.082000	123
605	0.000000		0.080000	124
606	0.000000		0.080000	124
607	0.000000		0.080000	124
608	0.000000		0.080000	124
609	0.000000		0.080000	124
610	0.000000		0.080000	125
611	0.000000		0.084000	125
612	0.000000		0.082000	125
613	0.000000		0.084000	125
614	0.000000		0.082000	125
615	0.000000		0.086000	126
616	0.000000		0.088000	126
617	0.000000		0.088000	126
618	0.000000		0.086000	126
619	0.000000		0.088000	127
620	0.000000		0.086000	127
621	0.000000		0.086000	127
622	0.000000		0.086000	127
623	0.000000		0.086000	127
624	0.000000		0.086000	128
625	0.000000		0.084000	128
626	0.000000		0.086000	128
627	0.000000		0.082000	128
628	0.000000		0.086000	128
629	0.000000		0.086000	129
630	0.000000		0.086000	129
631	0.000000		0.084000	129
632	0.000000		0.082000	129
633	0.000000		0.084000	129
634	0.000000		0.084000	130
635	0.000000		0.082000	130
636	0.000000		0.084000	130
637	0.000000		0.084000	130
638	0.000000		0.084000	130
639	0.000000		0.082000	131
640	0.000000		0.084000	131
641	0.000000		0.082000	131
642	0.000000		0.082000	131
643	0.000000		0.080000	131
644	0.000000		0.080000	132
645	0.000000		0.080000	132
646	0.000000		0.080000	132
647	0.000000		0.080000	132
648	0.000000		0.082000	132
649	0.000000		0.080000	133
650	0.000000		0.082000	133
651	0.000000		0.084000	133
652	0.000000		0.084000	133
653	0.000000		0.080000	133
654	0.000000		0.080000	134
655	0.000000		0.080000	134
656	0.000000		0.080000	134
657	0.000000		0.080000	134
658	0.000000		0.082000	134
659	0.000000		0.080000	135
660	0.000000		0.082000	135
661	0.000000		0.080000	135
662	0.000000		0.082000	135
663	0.000000		0.078000	135
664	0.000000		0.084000	136
665	0.000000		0.082000	136
666	0.000000		0.084000	136
667	0.000000		0.080000	136
668	0.000000		0.082000	137
669	0.000000		0.080000	137
670	0.000000		0.082000	137
671	0.000000		0.084000	137
672	0.000000		0.084000	137
673	0.000000		0.084000	138
674	0.000000		0.084000	138
675	0.000000		0.082000	138
676	0.000000		0.082000	138
677	0.000000		0.082000	138
678	0.000000		0.082000	139
679	0.000000		0.082000	139
680	0.000000		0.082000	139
681	0.000000		0.084000	139
682	0.000000		0.084000	139
683	0.000000		0.086000	140
684	0.000000		0.086000	140
685	0.000000		0.086000	140
686	0.000000		0.086000	140
687	0.000000		0.086000	140
688	0.000000		0.086000	141
689	0.000000		0.084000	141
690	0.000000		0.084000	141
691	0.000000		0.080000	141
692	0.000000		0.082000	141
693	0.000000		0.084000	142
694	0.000000		0.084000	142
695	0.000000		0.082000	142
696	0.000000		0.082000	142
697	0.000000		0.082000	142
698	0.000000		0.080000	143
699	0.000000		0.080000	143
700	0.000000		0.080000	143
701	0.000000		0.080000	143
702	0.000000		0.080000	143
703	0.000000		0.084000	144
704	0.000000		0.082000	144
705	0.000000		0.084000	144
706	0.000000		0.080000	144
707	0.000000		0.082000	144
708	0.000000		0.080000	145
709	0.000000		0.082000	145
710	0.000000		0.082000	145
711	0.000000		0.082000	145
712	0.000000		0.082000	146
713	0.000000		0.082000	146
714	0.000000		0.080000	146
715	0.000000		0.080000	146
716	0.000000		0.080000	146
717	0.000000		0.082000	147
718	0.000000		0.084000	147
719	0.000000		0.084000	147
720	0.000000		0.084000	147
721	0.000000		0.084000	147
722	0.000000		0.082000	148
723	0.000000		0.084000	148
724	0.000000		0.084000	148
725	0.000000		0.084000	148
726	0.000000		0.084000	148
727	0.000000		0.084000	149
728	0.000000		0.084000	149
729	0.000000		0.082000	149
730	0.000000		0.082000	149
731	0.000000		0.080000	149
732	0.000000		0.086000	150
733	0.000000		0.084000	150
734	0.000000		0.084000	150
735	0.000000		0.080000	150
736	0.000000		0.082000	150
737	0.000000		0.080000	151
738	0.000000		0.080000	151
739	0.000000		0.080000	151
740	0.000000		0.082000	151
741	0.000000		0.082000	151
742	0.000000		0.082000	152
743	0.000000		0.080000	152
744	0.000000		0.086000	152
745	0.000000		0.080000	152
746	0.000000		0.086000	152
747	0.000000		0.082000	153
748	0.000000		0.082000	153
749	0.000000		0.078000	153
750	0.000000		0.076000	153
751	0.000000		0.082000	153
752	0.000000		0.080000	154
753	0.000000		0.082000	154
754	0.000000		0.080000	154
755	0.000000		0.080000	154
756	0.000000		0.078000	154
757	0.000000		0.080000	155
758	0.000000		0.076000	155
759	0.000000		0.078000	155
760	0.000000		0.076000	155
761	0.000000		0.080000	156
762	0.000000		0.076000	156
763	0.000000		0.080000	156
764	0.000000		0.076000	156
765	0.000000		0.080000	156
766	0.000000		0.078000	157
767	0.000000		0.082000	157
768	0.000000		0.080000	157
769	0.000000		0.082000	157
770	0.000000		0.078000	157
771	0.000000		0.080000	158
772	0.000000		0.078000	158
773	0.000000		0.080000	158
774	0.000000		0.078000	158
775	0.000000		0.080000	158
776	0.000000		0.080000	159
777	0.000000		0.082000	159
778	0.000000		0.080000	159
779	0.000000		0.078000	159
780	0.000000		0.078000	159
781	0.000000		0.078000	160
782	0.000000		0.078000	160
783	0.000000		0.078000	160
784	0.000000		0.078000	160
785	0.000000		0.078000	160
786	0.000000		0.078000	161
787	0.000000		0.080000	161
788	0.000000		0.080000	161
789	0.000000		0.078000	161
790	0.000000		0.078000	161
791	0.000000		0.080000	162
792	0.000000		0.076000	162
793	0.000000		0.080000	162
794	0.000000		0.078000	162
795	0.000000		0.078000	162
796	0.000000		0.078000	163
797	0.000000		0.080000	163
798	0.000000		0.078000	163
799	0.000000		0.080000	163
800	0.000000		0.080000	163
801	0.000000		0.080000	164
802	0.000000		0.080000	164
803	0.000000		0.080000	164
804	0.000000		0.080000	164
805	0.000000		0.078000	164
806	0.000000		0.078000	165
807	0.000000		0.080000	165
808	0.000000		0.080000	165
809	0.000000		0.080000	165
810	0.000000		0.080000	166
811	0.000000		0.080000	166
812	0.000000		0.080000	166
813	0.000000		0.080000	166
814	0.000000		0.080000	166
815	0.000000		0.080000	167
816	0.000000		0.080000	167
817	0.000000		0.080000	167
818	0.000000		0.080000	167
819	0.000000		0.080000	167
820	0.000000		0.080000	168
821	0.000000		0.080000	168
822	0.000000		0.080000	168
823	0.000000		0.080000	168
824	0.000000		0.080000	168
825	0.000000		0.080000	169
826	0.000000		0.080000	169
827	0.000000		0.080000	169
828	0.000000		0.080000	169
829	0.000000		0.080000	169
830	0.000000		0.080000	170
831	0.000000		0.080000	170
832	0.000000		0.078000	170
833	0.000000		0.080000	170
834	0.000000		0.078000	170
835	0.000000		0.080000	171
836	0.000000		0.080000	171
837	0.000000		0.080000	171
838	0.000000		0.078000	171
839	0.000000		0.080000	171
840	0.000000		0.078000	172
841	0.000000		0.078000	172
842	0.000000		0.078000	172
843	0.000000		0.080000	172
844	0.000000		0.080000	172
845	0.000000		0.084000	173
846	0.000000		0.080000	173
847	0.000000		0.082000	173
848	0.000000		0.080000	173
849	0.000000		0.078000	173
850	0.000000		0.080000	174
851	0.000000		0.080000	174
852	0.000000		0.080000	174
853	0.000000		0.080000	174
854	0.000000		0.080000	175
855	0.000000		0.080000	175
856	0.000000		0.082000	175
857	0.000000		0.082000	175
858	0.000000		0.082000	175
859	0.000000		0.084000	176
860	0.000000		0.082000	176
861	0.000000		0.084000	176
862	0.000000		0.080000	176
863	0.000000		0.084000	176
864	0.000000		0.080000	177
865	0.000000		0.082000	177
866	0.000000		0.080000	177
867	0.000000		0.082000	177
868	0.000000		0.080000	177
869	0.000000		0.080000	178
870	0.000000		0.080000	178
871	0.000000		0.082000	178
872	0.000000		0.080000	178
873	0.000000		0.082000	178
874	0.000000		0.080000	179
875	0.000000		0.082000	179
876	0.000000		0.082000	179
877	0.000000		0.082000	179
878	0.000000		0.082000	179
879	0.000000		0.082000	180
880	0.000000		0.082000	180
881	0.000000		0.082000	180
882	0.000000		0.082000	180
883	0.000000		0.082000	180
884	0.000000		0.080000	181
885	0.000000		0.080000	181
886	0.000000		0.080000	181
887	0.000000		0.080000	181
888	0.000000		0.080000	181
889	0.000000		0.080000	182
890	0.000000		0.080000	182
891	0.000000		0.080000	182
892	0.000000		0.080000	182
893	0.000000		0.080000	182
894	0.000000		0.080000	183
895	0.000000		0.080000	183
896	0.000000		0.080000	183
897	0.000000		0.080000	183
898	0.000000		0.080000	183
899	0.000000		0.080000	184
900	0.000000		0.080000	184
901	0.000000		0.080000	184
902	0.000000		0.080000	184
903	0.000000		0.080000	185
904	0.000000		0.080000	185
905	0.000000		0.080000	185
906	0.000000		0.080000	185
907	0.000000		0.080000	185
908	0.000000		0.082000	186
909	0.000000		0.080000	186
910	0.000000		0.080000	186
911	0.000000		0.080000	186
912	0.000000		0.080000	186
913	0.000000		0.078000	187
914	0.000000		0.080000	187
915	0.000000		0.082000	187
916	0.000000		0.082000	187
917	0.000000		0.082000	187
918	0.000000		0.082000	188
919	0.000000		0.082000	188
920	0.000000		0.082000	188
921	0.000000		0.082000	188
922	0.000000		0.082000	188
923	0.000000		0.082000	189
924	0.000000		0.080000	189
925	0.000000		0.084000	189
926	0.000000		0.082000	189
927	0.000000		0.082000	189
928	0.000000		0.080000	190
929	0.000000		0.080000	190
930	0.000000		0.078000	190
931	0.000000		0.080000	190
932	0.000000		0.078000	190
933	0.000000		0.078000	191
934	0.000000		0.078000	191
935	0.000000		0.078000	191
936	0.000000		0.078000	191
937	0.000000		0.080000	192
938	0.000000		0.080000	192
939	0.000000		0.080000	192
940	0.000000		0.078000	192
941	0.000000		0.080000	192
942	0.000000		0.078000	193
943	0.000000		0.078000	193
944	0.000000		0.078000	193
945	0.000000		0.078000	193
946	0.000000		0.078000	193
947	0.000000		0.080000	194
948	0.000000		0.078000	194
949	0.000000		0.080000	194
950	0.000000		0.078000	194
951	0.000000		0.080000	194
952	0.000000		0.078000	195
953	0.000000		0.080000	195
954	0.000000		0.078000	195
955	0.000000		0.078000	195
956	0.000000		0.078000	195
957	0.000000		0.078000	196
958	0.000000		0.078000	196
959	0.000000		0.078000	196
960	0.000000		0.078000	196
961	0.000000		0.078000	196
962	0.000000		0.080000	197
963	0.000000		0.078000	197
964	0.000000		0.080000	197
965	0.000000		0.078000	197
966	0.000000		0.078000	198
967	0.000000		0.078000	198
968	0.000000		0.078000	198
969	0.000000		0.078000	198
970	0.000000		0.078000	198
971	0.000000		0.078000	199
972	0.000000		0.078000	199
973	0.000000		0.080000	199
974	0.000000		0.078000	199
975	0.000000		0.078000	199
976	0.000000		0.078000	200
977	0.000000		0.078000	200
978	0.000000		0.078000	200
979	0.000000		0.078000	200
980	0.000000		0.080000	200
981	0.000000		0.078000	201
982	0.000000		0.080000	201
983	0.000000		0.078000	201
984	0.000000		0.080000	201
985	0.000000		0.080000	201
986	0.000000		0.080000	202
987	0.000000		0.080000	202
988	0.000000		0.080000	202
989	0.000000		0.080000	202
990	0.000000		0.080000	202
991	0.000000		0.080000	203
992	0.000000		0.080000	203
993	0.000000		0.080000	203
994	0.000000		0.080000	203
995	0.000000		0.080000	203
996	0.000000		0.080000	204
997	0.000000		0.080000	204
998	0.000000		0.080000	204
999	0.000000		0.080000	204
1000	0.000000		0.080000	204
1001	0.000000		0.080000	205
1002	0.000000		0.080000	205
1003	0.000000		0.080000	205
1004	0.000000		0.080000	205
1005	0.000000		0.080000	205
1006	0.000000		0.080000	206
1007	0.000000		0.080000	206
1008	0.000000		0.080000	206
1009	0.000000		0.080000	206
1010	0.000000		0.080000	207
1011	0.000000		0.080000	207
1012	0.000000		0.080000	207
1013	0.000000		0.080000	207
1014	0.000000		0.080000	207
1015	0.000000		0.082000	208
1016	0.000000		0.080000	208
1017	0.000000		0.082000	208
1018	0.000000		0.080000	208
1019	0.000000		0.080000	208
1020	0.000000		0.080000	209
1021	0.000000		0.080000	209
1022	0.000000		0.080000	209
1023	0.000000		0.080000	209
1024	0.000000		0.080000	209
1025	0.000000		0.080000	210
1026	0.000000		0.080000	210
1027	0.000000		0.080000	210
1028	0.000000		0.080000	210
1029	0.000000		0.080000	210
1030	0.000000		0.080000	211
1031	0.000000		0.080000	211
1032	0.000000		0.080000	211
1033	0.000000		0.080000	211
1034	0.000000		0.080000	211
1035	0.000000		0.080000	212
1036	0.000000		0.080000	212
1037	0.000000		0.080000	212
1038	0.000000		0.080000	212
1039	0.000000		0.080000	212
1040	0.000000		0.080000	213
1041	0.000000		0.080000	213
1042	0.000000		0.080000	213
1043	0.000000		0.080000	213
1044	0.000000		0.080000	213
1045	0.000000		0.080000	214
1046	0.000000		0.080000	214
1047	0.000000		0.080000	214
1048	0.000000		0.080000	214
1049	0.000000		0.080000	214
1050	0.000000		0.080000	215
1051	0.000000		0.080000	215
1052	0.000000		0.080000	215
1053	0.000000		0.080000	215
1054	0.000000		0.080000	215
1055	0.000000		0.080000	216
1056	0.000000		0.080000	216
1057	0.000000		0.080000	216
1058	0.000000		0.080000	216
1059	0.000000		0.080000	217
1060	0.000000		0.080000	217
1061	0.000000		0.078000	217
1062	0.000000		0.078000	217
1063	0.000000		0.078000	217
1064	0.000000		0.078000	218
1065	0.000000		0.078000	218
1066	0.000000		0.078000	218
1067	0.000000		0.078000	218
1068	0.000000		0.078000	218
1069	0.000000		0.078000	219
1070	0.000000		0.078000	219
1071	0.000000		0.078000	219
1072	0.000000		0.078000	219
1073	0.000000		0.078000	219
1074	0.000000		0.078000	220
1075	0.000000		0.078000	220
1076	0.000000		0.078000	220
1077	0.000000		0.078000	220
1078	0.000000		0.078000	220
1079	0.000000		0.078000	221
1080	0.000000		0.078000	221
1081	0.000000		0.078000	221
1082	0.000000		0.078000	221
1083	0.000000		0.078000	221
1084	0.000000		0.078000	222
1085	0.000000		0.078000	222
1086	0.000000		0.078000	222
1087	0.000000		0.078000	222
1088	0.000000		0.078000	222
1089	0.000000		0.078000	223
1090	0.000000		0.078000	223
1091	0.000000		0.078000	223
1092	0.000000		0.078000	223
1093	0.000000		0.078000	223
1094	0.000000		0.078000	224
1095	0.000000		0.078000	224
1096	0.000000		0.078000	224
1097	0.000000		0.078000	224
1098	0.000000		0.078000	224
1099	0.000000		0.078000	225
1100	0.000000		0.078000	225
1101	0.000000		0.078000	225
1102	0.000000		0.078000	225
1103	0.000000		0.078000	225
1104	0.000000		0.078000	226
1105	0.000000		0.078000	226
1106	0.000000		0.078000	226
1107	0.000000		0.078000	226
1108	0.000000		0.078000	227
1109	0.000000		0.078000	227
1110	0.000000		0.078000	227
1111	0.000000		0.078000	227
1112	0.000000		0.078000	227
1113	0.000000		0.078000	228
1114	0.000000		0.078000	228
1115	0.000000		0.078000	228
1116	0.000000		0.078000	228
1117	0.000000		0.078000	228
1118	0.000000		0.076000	229
1119	0.000000		0.078000	229
1120	0.000000		0.078000	229
1121	0.000000		0.078000	229
1122	0.000000		0.078000	229
1123	0.000000		0.080000	230
1124	0.000000		0.078000	230
1125	0.000000		0.080000	230
1126	0.000000		0.080000	230
1127	0.000000		0.080000	230
1128	0.000000		0.078000	231
1129	0.000000		0.082000	231
1130	0.000000		0.078000	231
1131	0.000000		0.078000	231
1132	0.000000		0.080000	231
1133	0.000000		0.078000	232
1134	0.000000		0.080000	232
1135	0.000000		0.078000	232
1136	0.000000		0.078000	232
1137	0.000000		0.078000	232
1138	0.000000		0.080000	233
1139	0.000000		0.080000	233
1140	0.000000		0.078000	233
1141	0.000000		0.078000	233
1142	0.000000		0.078000	233
1143	0.000000		0.080000	234
1144	0.000000		0.078000	234
1145	0.000000		0.078000	234
1146	0.000000		0.078000	234
1147	0.000000		0.080000	234
1148	0.000000		0.078000	235
1149	0.000000		0.078000	235
1150	0.000000		0.080000	235
1151	0.000000		0.078000	235
1152	0.000000		0.078000	236
1153	0.000000		0.078000	236
1154	0.000000		0.078000	236
1155	0.000000		0.080000	236
1156	0.000000		0.078000	236
1157	0.000000		0.078000	237
1158	0.000000		0.080000	237
1159	0.000000		0.076000	237
1160	0.000000		0.080000	237
1161	0.000000		0.076000	237
1162	0.000000		0.080000	238
1163	0.000000		0.076000	238
1164	0.000000		0.078000	238
1165	0.000000		0.076000	238
1166	0.000000		0.078000	238
1167	0.000000		0.078000	239
1168	0.000000		0.078000	239
1169	0.000000		0.078000	239
1170	0.000000		0.078000	239
1171	0.000000		0.078000	239
1172	0.000000		0.078000	240
1173	0.000000		0.078000	240
1174	0.000000		0.078000	240
1175	0.000000		0.080000	240
1176	0.000000		0.078000	240
1177	0.000000		0.080000	241
1178	0.000000		0.080000	241
1179	0.000000		0.078000	241
1180	0.000000		0.078000	241
1181	0.000000		0.078000	241
1182	0.000000		0.076000	242
1183	0.000000		0.076000	242
1184	0.000000		0.076000	242
1185	0.000000		0.076000	242
1186	0.000000		0.076000	242
1187	0.000000		0.078000	243
1188	0.000000		0.078000	243
1189	0.000000		0.076000	243
1190	0.000000		0.078000	243
1191	0.000000		0.076000	243
1192	0.000000		0.078000	244
1193	0.000000		0.076000	244
1194	0.000000		0.078000	244
1195	0.000000		0.078000	244
1196	0.000000		0.078000	244
1197	0.000000		0.078000	245
1198	0.000000		0.078000	245
1199	0.000000		0.078000	245
1200	0.000000		0.078000	245
1201	0.000000		0.078000	245
1202	0.000000		0.078000	246
1203	0.000000		0.078000	246
1204	0.000000		0.078000	246
1205	0.000000		0.078000	246
1206	0.000000		0.078000	247
1207	0.000000		0.078000	247
1208	0.000000		0.078000	247
1209	0.000000		0.078000	247
1210	0.000000		0.078000	247
1211	0.000000		0.078000	248
1212	0.000000		0.078000	248
1213	0.000000		0.076000	248
1214	0.000000		0.078000	248
1215	0.000000		0.078000	248
1216	0.000000		0.078000	249
1217	0.000000		0.076000	249
1218	0.000000		0.078000	249
1219	0.000000		0.076000	249
1220	0.000000		0.076000	249
1221	0.000000		0.076000	250
1222	0.000000		0.078000	250
1223	0.000000		0.080000	250
1224	0.000000		0.080000	250
1225	0.000000		0.080000	250
1226	0.000000		0.080000	251
1227	0.000000		0.078000	251
1228	0.000000		0.080000	251
1229	0.000000		0.080000	251
1230	0.000000		0.082000	251
1231	0.000000		0.082000	252
1232	0.000000		0.082000	252
1233	0.000000		0.080000	252
1234	0.000000		0.080000	252
1235	0.000000		0.080000	252
1236	0.000000		0.082000	253
1237	0.000000		0.082000	253
1238	0.000000		0.082000	253
1239	0.000000		0.082000	253
1240	0.000000		0.080000	253
1241	0.000000		0.078000	254
1242	0.000000		0.080000	254
1243	0.000000		0.080000	254
1244	0.000000		0.080000	254
1245	0.000000		0.084000	254
1246	0.000000		0.082000	255
1247	0.000000		0.082000	255
1248	0.000000		0.082000	255
1249	0.000000		0.080000	255
1250	0.000000		0.082000	255
1251	0.000000		0.082000	256
1252	0.000000		0.082000	256
1253	0.000000		0.082000	256
1254	0.000000		0.082000	256
1255	0.000000		0.082000	256
1256	0.000000		0.082000	257
1257	0.000000		0.082000	257
1258	0.000000		0.082000	257
1259	0.000000		0.080000	257
1260	0.000000		0.082000	258
1261	0.000000		0.080000	258
1262	0.000000		0.082000	258
1263	0.000000		0.080000	258
1264	0.000000		0.082000	258
1265	0.000000		0.080000	259
1266	0.000000		0.082000	259
1267	0.000000		0.078000	259
1268	0.000000		0.080000	259
1269	0.000000		0.078000	259
1270	0.000000		0.078000	260
1271	0.000000		0.078000	260
1272	0.000000		0.080000	260
1273	0.000000		0.078000	260
1274	0.000000		0.082000	260
1275	0.000000		0.078000	261
1276	0.000000		0.082000	261
1277	0.000000		0.078000	261
1278	0.000000		0.076000	261
1279	0.000000		0.076000	261
1280	0.000000		0.076000	262
1281	0.000000		0.076000	262
1282	0.000000		0.076000	262
1283	0.000000		0.078000	262
1284	0.000000		0.076000	262
1285	0.000000		0.078000	263
1286	0.000000		0.078000	263
1287	0.000000		0.078000	263
1288	0.000000		0.080000	263
1289	0.000000		0.078000	263
1290	0.000000		0.080000	264
1291	0.000000		0.080000	264
1292	0.000000		0.078000	264
1293	0.000000		0.080000	264
1294	0.000000		0.078000	264
1295	0.000000		0.078000	265
1296	0.000000		0.080000	265
1297	0.000000		0.078000	265
1298	0.000000		0.080000	265
1299	0.000000		0.078000	265
1300	0.000000		0.080000	266
1301	0.000000		0.080000	266
1302	0.000000		0.080000	266
1303	0.000000		0.080000	266
1304	0.000000		0.080000	266
1305	0.000000		0.080000	267
1306	0.000000		0.080000	267
1307	0.000000		0.080000	267
1308	0.000000		0.080000	267
1309	0.000000		0.080000	267
1310	0.000000		0.080000	268
1311	0.000000		0.080000	268
1312	0.000000		0.080000	268
1313	0.000000		0.080000	268
1314	0.000000		0.080000	269
1315	0.000000		0.080000	269
1316	0.000000		0.082000	269
1317	0.000000		0.082000	269
1318	0.000000		0.082000	269
1319	0.000000		0.082000	270
1320	0.000000		0.082000	270
1321	0.000000		0.082000	270
1322	0.000000		0.082000	270
1323	0.000000		0.082000	270
1324	0.000000		0.082000	271
1325	0.000000		0.082000	271
1326	0.000000		0.082000	271
1327	0.000000		0.082000	271
1328	0.000000		0.082000	271
1329	0.000000		0.082000	272
1330	0.000000		0.082000	272
1331	0.000000		0.082000	272
1332	0.000000		0.082000	272
1333	0.000000		0.082000	272
1334	0.000000		0.082000	273
1335	0.000000		0.082000	273
1336	0.000000		0.080000	273
1337	0.000000		0.080000	273
1338	0.000000		0.080000	273
1339	0.000000		0.080000	274
1340	0.000000		0.080000	274
1341	0.000000		0.080000	274
1342	0.000000		0.080000	274
1343	0.000000		0.080000	274
1344	0.000000		0.080000	275
1345	0.000000		0.080000	275
1346	0.000000		0.080000	275
1347	0.000000		0.080000	275
1348	0.000000		0.080000	275
1349	0.000000		0.080000	276
1350	0.000000		0.082000	276
1351	0.000000		0.080000	276
1352	0.000000		0.082000	276
1353	0.000000		0.080000	276
1354	0.000000		0.082000	277
1355	0.000000		0.082000	277
1356	0.000000		0.082000	277
1357	0.000000		0.082000	277
1358	0.000000		0.082000	277
1359	0.000000		0.082000	278
1360	0.000000		0.082000	278
1361	0.000000		0.080000	278
1362	0.000000		0.080000	278
1363	0.000000		0.080000	278
1364	0.000000		0.080000	279
1365	0.000000		0.080000	279
1366	0.000000		0.080000	279
1367	0.000000		0.080000	279
1368	0.000000		0.080000	280
1369	0.000000		0.080000	280
1370	0.000000		0.080000	280
1371	0.000000		0.080000	280
1372	0.000000		0.080000	280
1373	0.000000		0.080000	281
1374	0.000000		0.080000	281
1375	0.000000		0.080000	281
1376	0.000000		0.080000	281
1377	0.000000		0.080000	281
1378	0.000000		0.080000	282
1379	0.000000		0.080000	282
1380	0.000000		0.080000	282
1381	0.000000		0.080000	282
1382	0.000000		0.080000	282
1383	0.000000		0.080000	283
1384	0.000000		0.080000	283
1385	0.000000		0.080000	283
1386	0.000000		0.080000	283
1387	0.000000		0.080000	283
1388	0.000000		0.082000	284
1389	0.000000		0.078000	284
1390	0.000000		0.082000	284
1391	0.000000		0.082000	284
1392	0.000000		0.082000	284
1393	0.000000		0.082000	285
1394	0.000000		0.082000	285
1395	0.000000		0.082000	285
1396	0.000000		0.082000	285
1397	0.000000		0.082000	285
1398	0.000000		0.082000	286
1399	0.000000		0.082000	286
1400	0.000000		0.082000	286
1401	0.000000		0.082000	286
1402	0.000000		0.082000	286
1403	0.000000		0.082000	287
1404	0.000000		0.082000	287
1405	0.000000		0.082000	287
1406	0.000000		0.082000	287
1407	0.000000		0.082000	287
1408	0.000000		0.082000	288
1409	0.000000		0.082000	288
1410	0.000000		0.082000	288
1411	0.000000		0.082000	288
1412	0.000000		0.082000	288
1413	0.000000		0.082000	289
1414	0.000000		0.082000	289
1415	0.000000		0.082000	289
1416	0.000000		0.082000	289
1417	0.000000		0.082000	289
1418	0.000000		0.082000	290
1419	0.000000		0.082000	290
1420	0.000000		0.082000	290
1421	0.000000		0.082000	290
1422	0.000000		0.082000	291
1423	0.000000		0.082000	291
1424	0.000000		0.082000	291
1425	0.000000		0.082000	291
1426	0.000000		0.082000	291
1427	0.000000		0.082000	292
1428	0.000000		0.082000	292
1429	0.000000		0.082000	292
1430	0.000000		0.082000	292
1431	0.000000		0.082000	292
1432	0.000000		0.082000	293
1433	0.000000		0.082000	293
1434	0.000000		0.082000	293
1435	0.000000		0.080000	293
1436	0.000000		0.082000	293
1437	0.000000		0.080000	294
1438	0.000000		0.082000	294
1439	0.000000		0.078000	294
1440	0.000000		0.080000	294
1441	0.000000		0.078000	294
1442	0.000000		0.082000	295
1443	0.000000		0.078000	295
1444	0.000000		0.078000	295
1445	0.000000		0.078000	295
1446	0.000000		0.080000	295
1447	0.000000		0.078000	296
1448	0.000000		0.078000	296
1449	0.000000		0.078000	296
1450	0.000000		0.080000	296
1451	0.000000		0.078000	296
1452	0.000000		0.080000	297
1453	0.000000		0.078000	297
1454	0.000000		0.080000	297
1455	0.000000		0.076000	297
1456	0.000000		0.080000	297
1457	0.000000		0.078000	298
1458	0.000000		0.080000	298
1459	0.000000		0.078000	298
1460	0.000000		0.080000	298
1461	0.000000		0.078000	298
1462	0.000000		0.080000	299
1463	0.000000		0.076000	299
1464	0.000000		0.076000	299
1465	0.000000		0.076000	299
1466	0.000000		0.078000	299
1467	0.000000		0.076000	300
1468	0.000000		0.080000	300
1469	0.000000		0.076000	300
1470	0.000000		0.080000	300
1471	0.000000		0.078000	300
1472	0.000000		0.078000	301
1473	0.000000		0.076000	301
1474	0.000000		0.078000	301
1475	0.000000		0.078000	301
1476	0.000000		0.078000	302
1477	0.000000		0.076000	302
1478	0.000000		0.078000	302
1479	0.000000		0.076000	302
1480	0.000000		0.078000	302
1481	0.000000		0.076000	303
1482	0.000000		0.078000	303
1483	0.000000		0.078000	303
1484	0.000000		0.078000	303
1485	0.000000		0.076000	303
1486	0.000000		0.078000	304
1487	0.000000		0.078000	304
1488	0.000000		0.078000	304
1489	0.000000		0.078000	304
1490	0.000000		0.078000	304
1491	0.000000		0.078000	305
1492	0.000000		0.080000	305
1493	0.000000		0.078000	305
1494	0.000000		0.078000	305
1495	0.000000		0.078000	305
1496	0.000000		0.078000	306
1497	0.000000		0.078000	306
1498	0.000000		0.080000	306
1499	0.000000		0.076000	306
1500	0.000000		0.076000	306
1501	0.000000		0.076000	307
1502	0.000000		0.080000	307
1503	0.000000		0.080000	307
1504	0.000000		0.080000	307
1505	0.000000		0.080000	307
1506	0.000000		0.080000	308
1507	0.000000		0.080000	308
1508	0.000000		0.080000	308
1509	0.000000		0.080000	308
1510	0.000000		0.080000	308
1511	0.000000		0.078000	309
1512	0.000000		0.080000	309
1513	0.000000		0.078000	309
1514	0.000000		0.080000	309
1515	0.000000		0.078000	309
1516	0.000000		0.080000	310
1517	0.000000		0.078000	310
1518	0.000000		0.080000	310
1519	0.000000		0.080000	310
1520	0.000000		0.078000	310
1521	0.000000		0.080000	311
1522	0.000000		0.080000	311
1523	0.000000		0.084000	311
1524	0.000000		0.080000	311
1525	0.000000		0.080000	311
1526	0.000000		0.082000	312
1527	0.000000		0.084000	312
1528	0.000000		0.082000	312
1529	0.000000		0.084000	312
1530	0.000000		0.078000	313
1531	0.000000		0.084000	313
1532	0.000000		0.078000	313
1533	0.000000		0.084000	313
1534	0.000000		0.084000	313
1535	0.000000		0.084000	314
1536	0.000000		0.084000	314
1537	0.000000		0.084000	314
1538	0.000000		0.084000	314
1539	0.000000		0.084000	314
1540	0.000000		0.084000	315
1541	0.000000		0.084000	315
1542	0.000000		0.084000	315
1543	0.000000		0.084000	315
1544	0.000000		0.084000	315
1545	0.000000		0.084000	316
1546	0.000000		0.084000	316
1547	0.000000		0.084000	316
1548	0.000000		0.084000	316
1549	0.000000		0.084000	316
1550	0.000000		0.084000	317
1551	0.000000		0.084000	317
1552	0.000000		0.082000	317
1553	0.000000		0.082000	317
1554	0.000000		0.082000	317
1555	0.000000		0.082000	318
1556	0.000000		0.082000	318
1557	0.000000		0.082000	318
1558	0.000000		0.082000	318
1559	0.000000		0.082000	318
1560	0.000000		0.084000	319
1561	0.000000		0.082000	319
1562	0.000000		0.084000	319
1563	0.000000		0.082000	319
1564	0.000000		0.084000	319
1565	0.000000		0.082000	320
1566	0.000000		0.082000	320
1567	0.000000		0.082000	320
1568	0.000000		0.084000	320
1569	0.000000		0.082000	320
1570	0.000000		0.082000	321
1571	0.000000		0.082000	321
1572	0.000000		0.082000	321
1573	0.000000		0.082000	321
1574	0.000000		0.082000	321
1575	0.000000		0.082000	322
1576	0.000000		0.082000	322
1577	0.000000		0.080000	322
1578	0.000000		0.082000	322
1579	0.000000		0.080000	322
1580	0.000000		0.078000	323
1581	0.000000		0.080000	323
1582	0.000000		0.078000	323
1583	0.000000		0.080000	323
1584	0.000000		0.080000	324
1585	0.000000		0.080000	324
1586	0.000000		0.080000	324
1587	0.000000		0.078000	324
1588	0.000000		0.080000	324
1589	0.000000		0.080000	325
1590	0.000000		0.080000	325
1591	0.000000		0.080000	325
1592	0.000000		0.080000	325
1593	0.000000		0.078000	325
1594	0.000000		0.078000	326
1595	0.000000		0.078000	326
1596	0.000000		0.078000	326
1597	0.000000		0.078000	326
1598	0.000000		0.078000	326
1599	0.000000		0.078000	327
1600	0.000000		0.078000	327
1601	0.000000		0.080000	327
1602	0.000000		0.080000	327
1603	0.000000		0.080000	327
1604	0.000000		0.078000	328
1605	0.000000		0.078000	328
1606	0.000000		0.078000	328
1607	0.000000		0.078000	328
1608	0.000000		0.082000	328
1609	0.000000		0.078000	329
1610	0.000000		0.080000	329
1611	0.000000		0.078000	329
1612	0.000000		0.082000	329
1613	0.000000		0.082000	329
1614	0.000000		0.082000	330
1615	0.000000		0.082000	330
1616	0.000000		0.082000	330
1617	0.000000		0.082000	330
1618	0.000000		0.082000	330
1619	0.000000		0.082000	331
1620	0.000000		0.082000	331
1621	0.000000		0.082000	331
1622	0.000000		0.082000	331
1623	0.000000		0.082000	331
1624	0.000000		0.082000	332
1625	0.000000		0.084000	332
1626	0.000000		0.082000	332
1627	0.000000		0.082000	332
1628	0.000000		0.082000	333
1629	0.000000		0.082000	333
1630	0.000000		0.082000	333
1631	0.000000		0.082000	333
1632	0.000000		0.082000	333
1633	0.000000		0.082000	334
1634	0.000000		0.082000	334
1635	0.000000		0.080000	334
1636	0.000000		0.082000	334
1637	0.000000		0.080000	334
1638	0.000000		0.080000	335
1639	0.000000		0.080000	335
1640	0.000000		0.082000	335
1641	0.000000		0.082000	335
1642	0.000000		0.084000	335
1643	0.000000		0.082000	336
1644	0.000000		0.084000	336
1645	0.000000		0.082000	336
1646	0.000000		0.084000	336
1647	0.000000		0.082000	336
1648	0.000000		0.084000	337
1649	0.000000		0.082000	337
1650	0.000000		0.082000	337
1651	0.000000		0.082000	337
1652	0.000000		0.082000	337
1653	0.000000		0.082000	338
1654	0.000000		0.082000	338
1655	0.000000		0.082000	338
1656	0.000000		0.082000	338
1657	0.000000		0.082000	338
1658	0.000000		0.082000	339
1659	0.000000		0.082000	339
1660	0.000000		0.082000	339
1661	0.000000		0.082000	339
1662	0.000000		0.082000	339
1663	0.000000		0.082000	340
1664	0.000000		0.082000	340
1665	0.000000		0.082000	340
1666	0.000000		0.082000	340
1667	0.000000		0.082000	340
1668	0.000000		0.082000	341
1669	0.000000		0.082000	341
1670	0.000000		0.082000	341
1671	0.000000		0.082000	341
1672	0.000000		0.080000	341
1673	0.000000		0.080000	342
1674	0.000000		0.080000	342
1675	0.000000		0.080000	342
1676	0.000000		0.080000	342
1677	0.000000		0.082000	343
1678	0.000000		0.080000	343
1679	0.000000		0.080000	343
1680	0.000000		0.080000	343
1681	0.000000		0.082000	343
1682	0.000000		0.082000	344
1683	0.000000		0.082000	344
1684	0.000000		0.082000	344
1685	0.000000		0.082000	344
1686	0.000000		0.082000	344
1687	0.000000		0.084000	345
1688	0.000000		0.084000	345
1689	0.000000		0.084000	345
1690	0.000000		0.084000	345
1691	0.000000		0.084000	345
1692	0.000000		0.084000	346
1693	0.000000		0.084000	346
1694	0.000000		0.082000	346
1695	0.000000		0.084000	346
1696	0.000000		0.082000	346
1697	0.000000		0.084000	347
1698	0.000000		0.084000	347
1699	0.000000		0.084000	347
1700	0.000000		0.084000	347
1701	0.000000		0.084000	347
1702	0.000000		0.084000	348
1703	0.000000		0.084000	348
1704	0.000000		0.084000	348
1705	0.000000		0.084000	348
1706	0.000000		0.084000	348
1707	0.000000		0.084000	349
1708	0.000000		0.082000	349
1709	0.000000		0.084000	349
1710	0.000000		0.084000	349
1711	0.000000		0.084000	349
1712	0.000000		0.084000	350
1713	0.000000		0.082000	350
1714	0.000000		0.082000	350
1715	0.000000		0.082000	350
1716	0.000000		0.082000	350
1717	0.000000		0.082000	351
1718	0.000000		0.082000	351
1719	0.000000		0.082000	351
1720	0.000000		0.082000	351
1721	0.000000		0.082000	351
1722	0.000000		0.082000	352
1723	0.000000		0.080000	352
1724	0.000000		0.082000	352
1725	0.000000		0.080000	352
1726	0.000000		0.082000	353
1727	0.000000		0.080000	353
1728	0.000000		0.082000	353
1729	0.000000		0.078000	353
1730	0.000000		0.082000	353
1731	0.000000		0.078000	354
1732	0.000000		0.082000	354
1733	0.000000		0.078000	354
1734	0.000000		0.082000	354
1735	0.000000		0.080000	354
1736	0.000000		0.082000	355
1737	0.000000		0.078000	355
1738	0.000000		0.080000	355
1739	0.000000		0.080000	355
1740	0.000000		0.082000	355
1741	0.000000		0.080000	356
1742	0.000000		0.080000	356
1743	0.000000		0.080000	356
1744	0.000000		0.080000	356
1745	0.000000		0.080000	356
1746	0.000000		0.080000	357
1747	0.000000		0.078000	357
1748	0.000000		0.080000	357
1749	0.000000		0.078000	357
1750	0.000000		0.080000	357
1751	0.000000		0.078000	358
1752	0.000000		0.080000	358
1753	0.000000		0.078000	358
1754	0.000000		0.080000	358
1755	0.000000		0.078000	358
1756	0.000000		0.080000	359
1757	0.000000		0.078000	359
1758	0.000000		0.082000	359
1759	0.000000		0.080000	359
1760	0.000000		0.080000	359
1761	0.000000		0.080000	360
1762	0.000000		0.080000	360
1763	0.000000		0.080000	360
1764	0.000000		0.080000	360
1765	0.000000		0.082000	360
1766	0.000000		0.082000	361
1767	0.000000		0.082000	361
1768	0.000000		0.080000	361
1769	0.000000		0.082000	361
1770	0.000000		0.080000	361
1771	0.000000		0.084000	362
1772	0.000000		0.080000	362
1773	0.000000		0.082000	362
1774	0.000000		0.080000	362
1775	0.000000		0.082000	362
1776	0.000000		0.080000	363
1777	0.000000		0.080000	363
1778	0.000000		0.080000	363
1779	0.000000		0.080000	363
1780	0.000000		0.080000	364
1781	0.000000		0.080000	364
1782	0.000000		0.080000	364
1783	0.000000		0.080000	364
1784	0.000000		0.080000	364
1785	0.000000		0.078000	365
1786	0.000000		0.080000	365
1787	0.000000		0.078000	365
1788	0.000000		0.080000	365
1789	0.000000		0.080000	365
1790	0.000000		0.080000	366
1791	0.000000		0.080000	366
1792	0.000000		0.078000	366
1793	0.000000		0.078000	366
1794	0.000000		0.078000	366
1795	0.000000		0.078000	367
1796	0.000000		0.078000	367
1797	0.000000		0.078000	367
1798	0.000000		0.078000	367
1799	0.000000		0.080000	367
1800	0.000000		0.078000	368
1801	0.000000		0.080000	368
1802	0.000000		0.078000	368
1803	0.000000		0.078000	368
1804	0.000000		0.078000	368
1805	0.000000		0.078000	369
1806	0.000000		0.078000	369
1807	0.000000		0.078000	369
1808	0.000000		0.078000	369
1809	0.000000		0.078000	369
1810	0.000000		0.078000	370
1811	0.000000		0.078000	370
1812	0.000000		0.078000	370
1813	0.000000		0.078000	370
1814	0.000000		0.078000	370
1815	0.000000		0.078000	371
1816	0.000000		0.078000	371
1817	0.000000		0.078000	371
1818	0.000000		0.078000	371
1819	0.000000		0.078000	371
1820	0.000000		0.080000	372
1821	0.000000		0.080000	372
1822	0.000000		0.080000	372
1823	0.000000		0.078000	372
1824	0.000000		0.080000	372
1825	0.000000		0.078000	373
1826	0.000000		0.078000	373
1827	0.000000		0.078000	373
1828	0.000000		0.078000	373
1829	0.000000		0.078000	373
1830	0.000000		0.078000	374
1831	0.000000		0.080000	374
1832	0.000000		0.080000	374
1833	0.000000		0.080000	374
1834	0.000000		0.080000	374
1835	0.000000		0.080000	375
1836	0.000000		0.080000	375
1837	0.000000		0.080000	375
1838	0.000000		0.080000	375
1839	0.000000		0.080000	375
1840	0.000000		0.080000	376
1841	0.000000		0.080000	376
1842	0.000000		0.080000	376
1843	0.000000		0.080000	376
1844	0.000000		0.080000	376
1845	0.000000		0.080000	377
1846	0.000000		0.080000	377
1847	0.000000		0.080000	377
1848	0.000000		0.080000	377
1849	0.000000		0.080000	378
1850	0.000000		0.080000	378
1851	0.000000		0.080000	378
1852	0.000000		0.080000	378
1853	0.000000		0.082000	378
1854	0.000000		0.080000	379
1855	0.000000		0.082000	379
1856	0.000000		0.082000	379
1857	0.000000		0.082000	379
1858	0.000000		0.082000	379
1859	0.000000		0.082000	380
1860	0.000000		0.080000	380
1861	0.000000		0.082000	380
1862	0.000000		0.080000	380
1863	0.000000		0.082000	380
1864	0.000000		0.084000	381
1865	0.000000		0.084000	381
1866	0.000000		0.084000	381
1867	0.000000		0.084000	381
1868	0.000000		0.084000	381
1869	0.000000		0.082000	382
1870	0.000000		0.084000	382
1871	0.000000		0.084000	382
1872	0.000000		0.084000	382
1873	0.000000		0.084000	382
1874	0.000000		0.084000	383
1875	0.000000		0.084000	383
1876	0.000000		0.082000	383
1877	0.000000		0.082000	383
1878	0.000000		0.082000	383
1879	0.000000		0.082000	384
1880	0.000000		0.082000	384
1881	0.000000		0.082000	384
1882	0.000000		0.082000	384
1883	0.000000		0.082000	384
1884	0.000000		0.082000	385
1885	0.000000		0.082000	385
1886	0.000000		0.082000	385
1887	0.000000		0.082000	385
1888	0.000000		0.082000	385
1889	0.000000		0.082000	386
1890	0.000000		0.082000	386
1891	0.000000		0.082000	386
1892	0.000000		0.082000	386
1893	0.000000		0.082000	386
1894	0.000000		0.082000	387
1895	0.000000		0.082000	387
1896	0.000000		0.082000	387
1897	0.000000		0.082000	387
1898	0.000000		0.082000	387
1899	0.000000		0.082000	388
1900	0.000000		0.080000	388
1901	0.000000		0.080000	388
1902	0.000000		0.082000	388
1903	0.000000		0.082000	388
1904	0.000000		0.082000	389
1905	0.000000		0.082000	389
1906	0.000000		0.080000	389
1907	0.000000		0.082000	389
1908	0.000000		0.080000	389
1909	0.000000		0.082000	390
1910	0.000000		0.082000	390
1911	0.000000		0.082000	390
1912	0.000000		0.082000	390
1913	0.000000		0.082000	390
1914	0.000000		0.080000	391
1915	0.000000		0.082000	391
1916	0.000000		0.082000	391
1917	0.000000		0.082000	391
1918	0.000000		0.082000	392
1919	0.000000		0.082000	392
1920	0.000000		0.082000	392
1921	0.000000		0.082000	392
1922	0.000000		0.082000	392
1923	0.000000		0.082000	393
1924	0.000000		0.082000	393
1925	0.000000		0.082000	393
1926	0.000000		0.084000	393
1927	0.000000		0.084000	393
1928	0.000000		0.084000	394
1929	0.000000		0.080000	394
1930	0.000000		0.084000	394
1931	0.000000		0.084000	394
1932	0.000000		0.084000	394
1933	0.000000		0.084000	395
1934	0.000000		0.084000	395
1935	0.000000		0.082000	395
1936	0.000000		0.084000	395
1937	0.000000		0.084000	395
1938	0.000000		0.084000	396
1939	0.000000		0.082000	396
1940	0.000000		0.084000	396
1941	0.000000		0.086000	396
1942	0.000000		0.082000	396
1943	0.000000		0.086000	397
1944	0.000000		0.082000	397
1945	0.000000		0.086000	397
1946	0.000000		0.084000	397
1947	0.000000		0.082000	397
1948	0.000000		0.084000	398
1949	0.000000		0.082000	398
1950	0.000000		0.084000	398
1951	0.000000		0.082000	398
1952	0.000000		0.084000	398
1953	0.000000		0.082000	399
1954	0.000000		0.080000	399
1955	0.000000		0.084000	399
1956	0.000000		0.082000	399
1957	0.000000		0.082000	399
1958	0.000000		0.082000	400
1959	0.000000		0.082000	400
1960	0.000000		0.082000	400
1961	0.000000		0.082000	400
1962	0.000000		0.084000	400
1963	0.000000		0.082000	401
1964	0.000000		0.082000	401
1965	0.000000		0.082000	401
1966	0.000000		0.082000	401
1967	0.000000		0.082000	401
1968	0.000000		0.084000	402
1969	0.000000		0.084000	402
1970	0.000000		0.086000	402
1971	0.000000		0.084000	402
1972	0.000000		0.086000	402
1973	0.000000		0.084000	403
1974	0.000000		0.086000	403
1975	0.000000		0.082000	403
1976	0.000000		0.084000	403
1977	0.000000		0.080000	403
1978	0.000000		0.084000	404
1979	0.000000		0.082000	404
1980	0.000000		0.084000	404
1981	0.000000		0.082000	404
1982	0.000000		0.084000	404
1983	0.000000		0.082000	405
1984	0.000000		0.084000	405
1985	0.000000		0.082000	405
1986	0.000000		0.084000	405
1987	0.000000		0.082000	406
1988	0.000000		0.084000	406
1989	0.000000		0.082000	406
1990	0.000000		0.082000	406
1991	0.000000		0.082000	406
1992	0.000000		0.082000	407
1993	0.000000		0.082000	407
1994	0.000000		0.082000	407
1995	0.000000		0.082000	407
1996	0.000000		0.082000	407
1997	0.000000		0.082000	408
1998	0.000000		0.082000	408
1999	0.000000		0.080000	408
2000	0.000000		0.082000	408
2001	0.000000		0.080000	408
2002	0.000000		0.082000	409
2003	0.000000		0.082000	409
2004	0.000000		0.082000	409
2005	0.000000		0.082000	409
2006	0.000000		0.082000	409
2007	0.000000		0.082000	410
2008	0.000000		0.082000	410
2009	0.000000		0.082000	410
2010	0.000000		0.082000	410
2011	0.000000		0.080000	410
2012	0.000000		0.082000	411
2013	0.000000		0.082000	411
2014	0.000000		0.082000	411
2015	0.000000		0.082000	411
2016	0.000000		0.082000	411
2017	0.000000		0.082000	412
2018	0.000000		0.082000	412
2019	0.000000		0.082000	412
2020	0.000000		0.082000	412
2021	0.000000		0.082000	412
2022	0.000000		0.082000	413
2023	0.000000		0.084000	413
2024	0.000000		0.082000	413
2025	0.000000		0.082000	413
2026	0.000000		0.084000	413
2027	0.000000		0.082000	414
2028	0.000000		0.084000	414
2029	0.000000		0.082000	414
2030	0.000000		0.084000	414
2031	0.000000		0.084000	414
2032	0.000000		0.084000	415
2033	0.000000		0.084000	415
2034	0.000000		0.080000	415
2035	0.000000		0.082000	415
2036	0.000000		0.082000	415
2037	0.000000		0.082000	416
2038	0.000000		0.080000	416
2039	0.000000		0.082000	416
2040	0.000000		0.082000	416
2041	0.000000		0.082000	416
2042	0.000000		0.080000	417
2043	0.000000		0.082000	417
2044	0.000000		0.080000	417
2045	0.000000		0.082000	417
2046	0.000000		0.082000	417
2047	0.000000		0.082000	418
2048	0.000000		0.082000	418
2049	0.000000		0.082000	418
2050	0.000000		0.082000	418
2051	0.000000		0.082000	418
2052	0.000000		0.082000	419
2053	0.000000		0.082000	419
2054	0.000000		0.082000	419
2055	0.000000		0.082000	419
2056	0.000000		0.082000	420
2057	0.000000		0.082000	420
2058	0.000000		0.082000	420
2059	0.000000		0.082000	420
2060	0.000000		0.082000	420
2061	0.000000		0.082000	421
2062	0.000000		0.082000	421
2063	0.000000		0.082000	421
2064	0.000000		0.082000	421
2065	0.000000		0.080000	421
2066	0.000000		0.082000	422
2067	0.000000		0.080000	422
2068	0.000000		0.080000	422
2069	0.000000		0.080000	422
2070	0.000000		0.082000	422
2071	0.000000		0.080000	423
2072	0.000000		0.080000	423
2073	0.000000		0.080000	423
2074	0.000000		0.082000	423
2075	0.000000		0.080000	423
2076	0.000000		0.080000	424
2077	0.000000		0.080000	424
2078	0.000000		0.080000	424
2079	0.000000		0.080000	424
2080	0.000000		0.082000	424
2081	0.000000		0.082000	425
2082	0.000000		0.082000	425
2083	0.000000		0.080000	425
2084	0.000000		0.082000	425
2085	0.000000		0.080000	425
2086	0.000000		0.080000	426
2087	0.000000		0.080000	426
2088	0.000000		0.080000	426
2089	0.000000		0.080000	426
2090	0.000000		0.080000	426
2091	0.000000		0.080000	427
2092	0.000000		0.082000	427
2093	0.000000		0.080000	427
2094	0.000000		0.082000	427
2095	0.000000		0.080000	427
2096	0.000000		0.082000	428
2097	0.000000		0.082000	428
2098	0.000000		0.082000	428
2099	0.000000		0.082000	428
2100	0.000000		0.082000	428
2101	0.000000		0.082000	429
2102	0.000000		0.082000	429
2103	0.000000		0.082000	429
2104	0.000000		0.082000	429
2105	0.000000		0.082000	429
2106	0.000000		0.082000	430
2107	0.000000		0.082000	430
2108	0.000000		0.082000	430
2109	0.000000		0.082000	430
2110	0.000000		0.082000	430
2111	0.000000		0.082000	431
2112	0.000000		0.082000	431
2113	0.000000		0.082000	431
2114	0.000000		0.082000	431
2115	0.000000		0.082000	431
2116	0.000000		0.082000	432
2117	0.000000		0.082000	432
2118	0.000000		0.082000	432
2119	0.000000		0.082000	432
2120	0.000000		0.082000	432
2121	0.000000		0.082000	433
2122	0.000000		0.082000	433
2123	0.000000		0.082000	433
2124	0.000000		0.082000	433
2125	0.000000		0.082000	434
2126	0.000000		0.082000	434
2127	0.000000		0.082000	434
2128	0.000000		0.082000	434
2129	0.000000		0.082000	434
2130	0.000000		0.082000	435
2131	0.000000		0.082000	435
2132	0.000000		0.082000	435
2133	0.000000		0.082000	435
2134	0.000000		0.082000	435
2135	0.000000		0.082000	436
2136	0.000000		0.082000	436
2137	0.000000		0.084000	436
2138	0.000000		0.086000	436
2139	0.000000		0.082000	436
2140	0.000000		0.086000	437
2141	0.000000		0.082000	437
2142	0.000000		0.082000	437
2143	0.000000		0.082000	437
2144	0.000000		0.082000	437
2145	0.000000		0.082000	438
2146	0.000000		0.084000	438
2147	0.000000		0.086000	438
2148	0.000000		0.086000	438
2149	0.000000		0.084000	438
2150	0.000000		0.086000	439
2151	0.000000		0.086000	439
2152	0.000000		0.086000	439
2153	0.000000		0.086000	439
2154	0.000000		0.086000	439
2155	0.000000		0.086000	440
2156	0.000000		0.086000	440
2157	0.000000		0.086000	440
2158	0.000000		0.086000	440
2159	0.000000		0.086000	440
2160	0.000000		0.086000	441
2161	0.000000		0.086000	441
2162	0.000000		0.086000	441
2163	0.000000		0.086000	441
2164	0.000000		0.086000	441
2165	0.000000		0.086000	442
2166	0.000000		0.086000	442
2167	0.000000		0.086000	442
2168	0.000000		0.086000	442
2169	0.000000		0.086000	442
2170	0.000000		0.086000	443
2171	0.000000		0.086000	443
2172	0.000000		0.086000	443
2173	0.000000		0.086000	443
2174	0.000000		0.086000	443
2175	0.000000		0.086000	444
2176	0.000000		0.086000	444
2177	0.000000		0.086000	444
2178	0.000000		0.086000	444
2179	0.000000		0.086000	444
2180	0.000000		0.086000	445
2181	0.000000		0.086000	445
2182	0.000000		0.086000	445
2183	0.000000		0.086000	445
2184	0.000000		0.086000	445
2185	0.000000		0.086000	446
2186	0.000000		0.086000	446
2187	0.000000		0.086000	446
2188	0.000000		0.086000	446
2189	0.000000		0.086000	446
2190	0.000000		0.086000	447
2191	0.000000		0.086000	447
2192	0.000000		0.086000	447
2193	0.000000		0.086000	447
2194	0.000000		0.086000	447
2195	0.000000		0.086000	448
2196	0.000000		0.086000	448
2197	0.000000		0.086000	448
2198	0.000000		0.086000	448
2199	0.000000		0.086000	449
2200	0.000000		0.086000	449
2201	0.000000		0.086000	449
2202	0.000000		0.086000	449
2203	0.000000		0.086000	449
2204	0.000000		0.086000	450
2205	0.000000		0.086000	450
2206	0.000000		0.086000	450
2207	0.000000		0.086000	450
2208	0.000000		0.086000	450
2209	0.000000		0.086000	451
2210	0.000000		0.086000	451
2211	0.000000		0.086000	451
2212	0.000000		0.086000	451
2213	0.000000		0.086000	451
2214	0.000000		0.086000	452
2215	0.000000		0.086000	452
2216	0.000000		0.086000	452
2217	0.000000		0.086000	452
2218	0.000000		0.086000	452
2219	0.000000		0.086000	453
2220	0.000000		0.086000	453
2221	0.000000		0.086000	453
2222	0.000000		0.086000	453
2223	0.000000		0.086000	453
2224	0.000000		0.086000	454
2225	0.000000		0.086000	454
2226	0.000000		0.086000	454
2227	0.000000		0.086000	454
2228	0.000000		0.086000	454
2229	0.000000		0.086000	455
2230	0.000000		0.086000	455
2231	0.000000		0.086000	455
2232	0.000000		0.086000	455
2233	0.000000		0.084000	455
2234	0.000000		0.086000	456
2235	0.000000		0.084000	456
2236	0.000000		0.086000	456
2237	0.000000		0.084000	456
2238	0.000000		0.086000	456
2239	0.000000		0.084000	457
2240	0.000000		0.086000	457
2241	0.000000		0.084000	457
2242	0.000000		0.086000	457
2243	0.000000		0.084000	457
2244	0.000000		0.086000	458
2245	0.000000		0.086000	458
2246	0.000000		0.086000	458
2247	0.000000		0.086000	458
2248	0.000000		0.086000	458
2249	0.000000		0.086000	459
2250	0.000000		0.086000	459
2251	0.000000		0.086000	459
2252	0.000000		0.086000	459
2253	0.000000		0.084000	459
2254	0.000000		0.084000	460
2255	0.000000		0.084000	460
2256	0.000000		0.084000	460
2257	0.000000		0.084000	460
2258	0.000000		0.084000	460
2259	0.000000		0.084000	461
2260	0.000000		0.084000	461
2261	0.000000		0.084000	461
2262	0.000000		0.084000	461
2263	0.000000		0.084000	461
2264	0.000000		0.084000	462
2265	0.000000		0.084000	462
2266	0.000000		0.084000	462
2267	0.000000		0.084000	462
2268	0.000000		0.084000	463
2269	0.000000		0.084000	463
2270	0.000000		0.084000	463
2271	0.000000		0.084000	463
2272	0.000000		0.084000	463
2273	0.000000		0.084000	464
2274	0.000000		0.084000	464
2275	0.000000		0.082000	464
2276	0.000000		0.082000	464
2277	0.000000		0.082000	464
2278	0.000000		0.084000	465
2279	0.000000		0.084000	465
2280	0.000000		0.084000	465
2281	0.000000		0.084000	465
2282	0.000000		0.084000	465
2283	0.000000		0.084000	466
2284	0.000000		0.084000	466
2285	0.000000		0.084000	466
2286	0.000000		0.084000	466
2287	0.000000		0.082000	466
2288	0.000000		0.082000	467
2289	0.000000		0.082000	467
2290	0.000000		0.082000	467
2291	0.000000		0.082000	467
2292	0.000000		0.084000	467
2293	0.000000		0.082000	468
2294	0.000000		0.084000	468
2295	0.000000		0.082000	468
2296	0.000000		0.084000	468
2297	0.000000		0.082000	468
2298	0.000000		0.082000	469
2299	0.000000		0.082000	469
2300	0.000000		0.082000	469
2301	0.000000		0.082000	469
2302	0.000000		0.082000	469
2303	0.000000		0.082000	470
2304	0.000000		0.082000	470
2305	0.000000		0.082000	470
2306	0.000000		0.084000	470
2307	0.000000		0.082000	470
2308	0.000000		0.082000	471
2309	0.000000		0.082000	471
2310	0.000000		0.082000	471
2311	0.000000		0.082000	471
2312	0.000000		0.082000	471
2313	0.000000		0.082000	472
2314	0.000000		0.082000	472
2315	0.000000		0.082000	472
2316	0.000000		0.082000	472
2317	0.000000		0.082000	472
2318	0.000000		0.082000	473
2319	0.000000		0.082000	473
2320	0.000000		0.082000	473
2321	0.000000		0.082000	473
2322	0.000000		0.084000	473
2323	0.000000		0.082000	474
2324	0.000000		0.082000	474
2325	0.000000		0.082000	474
2326	0.000000		0.082000	474
2327	0.000000		0.082000	474
2328	0.000000		0.082000	475
2329	0.000000		0.082000	475
2330	0.000000		0.082000	475
2331	0.000000		0.082000	475
2332	0.000000		0.082000	475
2333	0.000000		0.082000	476
2334	0.000000		0.082000	476
2335	0.000000		0.082000	476
2336	0.000000		0.084000	476
2337	0.000000		0.082000	476
2338	0.000000		0.082000	477
2339	0.000000		0.082000	477
2340	0.000000		0.082000	477
2341	0.000000		0.082000	477
2342	0.000000		0.082000	478
2343	0.000000		0.082000	478
2344	0.000000		0.082000	478
2345	0.000000		0.082000	478
2346	0.000000		0.082000	478
2347	0.000000		0.082000	479
2348	0.000000		0.082000	479
2349	0.000000		0.084000	479
2350	0.000000		0.082000	479
2351	0.000000		0.084000	479
2352	0.000000		0.082000	480
2353	0.000000		0.082000	480
2354	0.000000		0.082000	480
2355	0.000000		0.082000	480
2356	0.000000		0.082000	480
2357	0.000000		0.082000	481
2358	0.000000		0.082000	481
2359	0.000000		0.082000	481
2360	0.000000		0.082000	481
2361	0.000000		0.082000	481
2362	0.000000		0.082000	482
2363	0.000000		0.082000	482
2364	0.000000		0.082000	482
2365	0.000000		0.082000	482
2366	0.000000		0.082000	482
2367	0.000000		0.082000	483
2368	0.000000		0.082000	483
2369	0.000000		0.082000	483
2370	0.000000		0.082000	483
2371	0.000000		0.082000	483
2372	0.000000		0.082000	484
2373	0.000000		0.084000	484
2374	0.000000		0.084000	484
2375	0.000000		0.084000	484
2376	0.000000		0.084000	484
2377	0.000000		0.084000	485
2378	0.000000		0.084000	485
2379	0.000000		0.084000	485
2380	0.000000		0.084000	485
2381	0.000000		0.084000	485
2382	0.000000		0.084000	486
2383	0.000000		0.084000	486
2384	0.000000		0.084000	486
2385	0.000000		0.084000	486
2386	0.000000		0.084000	486
2387	0.000000		0.084000	487
2388	0.000000		0.084000	487
2389	0.000000		0.084000	487
2390	0.000000		0.084000	487
2391	0.000000		0.084000	487
2392	0.000000		0.084000	488
2393	0.000000		0.084000	488
2394	0.000000		0.084000	488
2395	0.000000		0.084000	488
2396	0.000000		0.084000	488
2397	0.000000		0.084000	489
2398	0.000000		0.084000	489
2399	0.000000		0.084000	489
2400	0.000000		0.084000	489
2401	0.000000		0.084000	489
2402	0.000000		0.084000	490
2403	0.000000		0.084000	490
2404	0.000000		0.084000	490
2405	0.000000		0.084000	490
2406	0.000000		0.084000	490
2407	0.000000		0.084000	491
2408	0.000000		0.084000	491
2409	0.000000		0.084000	491
2410	0.000000		0.084000	491
2411	0.000000		0.084000	492
2412	0.000000		0.084000	492
2413	0.000000		0.084000	492
2414	0.000000		0.084000	492
2415	0.000000		0.084000	492
2416	0.000000		0.084000	493
2417	0.000000		0.084000	493
2418	0.000000		0.084000	493
2419	0.000000		0.084000	493
2420	0.000000		0.084000	493
2421	0.000000		0.084000	494
2422	0.000000		0.084000	494
2423	0.000000		0.084000	494
2424	0.000000		0.084000	494
2425	0.000000		0.084000	494
2426	0.000000		0.084000	495
2427	0.000000		0.084000	495
2428	0.000000		0.084000	495
2429	0.000000		0.084000	495
2430	0.000000		0.084000	495
2431	0.000000		0.084000	496
2432	0.000000		0.084000	496
2433	0.000000		0.084000	496
2434	0.000000		0.084000	496
2435	0.000000		0.084000	496
2436	0.000000		0.084000	497
2437	0.000000		0.084000	497
2438	0.000000		0.084000	497
2439	0.000000		0.084000	497
2440	0.000000		0.084000	497
2441	0.000000		0.084000	498
2442	0.000000		0.084000	498
2443	0.000000		0.084000	498
2444	0.000000		0.084000	498
2445	0.000000		0.084000	498
2446	0.000000		0.084000	499
2447	0.000000		0.084000	499
2448	0.000000		0.084000	499
2449	0.000000		0.084000	499
2450	0.000000		0.084000	499
2451	0.000000		0.084000	500
2452	0.000000		0.084000	500
2453	0.000000		0.084000	500
2454	0.000000		0.084000	500
2455	0.000000		0.084000	500
2456	0.000000		0.084000	501
2457	0.000000		0.084000	501
2458	0.000000		0.084000	501
2459	0.000000		0.084000	501
2460	0.000000		0.084000	501
2461	0.000000		0.084000	502
2462	0.000000		0.084000	502
2463	0.000000		0.084000	502
2464	0.000000		0.084000	502
2465	0.000000		0.084000	502
2466	0.000000		0.084000	503
2467	0.000000		0.084000	503
2468	0.000000		0.084000	503
2469	0.000000		0.084000	503
2470	0.000000		0.084000	503
2471	0.000000		0.084000	504
2472	0.000000		0.084000	504
2473	0.000000		0.084000	504
2474	0.000000		0.084000	504
2475	0.000000		0.084000	504
2476	0.000000		0.084000	505
2477	0.000000		0.084000	505
2478	0.000000		0.084000	505
2479	0.000000		0.084000	505
2480	0.000000		0.082000	506
2481	0.000000		0.084000	506
2482	0.000000		0.084000	506
2483	0.000000		0.084000	506
2484	0.000000		0.084000	506
2485	0.000000		0.084000	507
2486	0.000000		0.084000	507
2487	0.000000		0.084000	507
2488	0.000000		0.084000	507
2489	0.000000		0.084000	507
2490	0.000000		0.084000	508
2491	0.000000		0.084000	508
2492	0.000000		0.084000	508
2493	0.000000		0.084000	508
2494	0.000000		0.084000	508
2495	0.000000		0.084000	509
2496	0.000000		0.084000	509
2497	0.000000		0.084000	509
2498	0.000000		0.084000	509
2499	0.000000		0.084000	509
2500	0.000000		0.084000	510
2501	0.000000		0.084000	510
2502	0.000000		0.084000	510
2503	0.000000		0.084000	510
2504	0.000000		0.084000	510
2505	0.000000		0.084000	511
2506	0.000000		0.084000	511
2507	0.000000		0.084000	511
2508	0.000000		0.084000	511
2509	0.000000		0.084000	511
2510	0.000000		0.084000	512
2511	0.000000		0.084000	512
2512	0.000000		0.084000	512
2513	0.000000		0.084000	512
2514	0.000000		0.084000	512
2515	0.000000		0.084000	513
2516	0.000000		0.084000	513
2517	0.000000		0.084000	513
2518	0.000000		0.084000	513
2519	0.000000		0.084000	513
2520	0.000000		0.084000	514
2521	0.000000		0.084000	514
2522	0.000000		0.084000	514
2523	0.000000		0.084000	514
2524	0.000000		0.084000	514
2525	0.000000		0.084000	515
2526	0.000000		0.084000	515
2527	0.000000		0.084000	515
2528	0.000000		0.084000	515
2529	0.000000		0.084000	515
2530	0.000000		0.084000	516
2531	0.000000		0.084000	516
2532	0.000000		0.084000	516
2533	0.000000		0.084000	516
2534	0.000000		0.084000	516
2535	0.000000		0.084000	517
2536	0.000000		0.084000	517
2537	0.000000		0.084000	517
2538	0.000000		0.084000	517
2539	0.000000		0.084000	517
2540	0.000000		0.084000	518
2541	0.000000		0.084000	518
2542	0.000000		0.084000	518
2543	0.000000		0.084000	518
2544	0.000000		0.084000	518
2545	0.000000		0.084000	519
2546	0.000000		0.084000	519
2547	0.000000		0.084000	519
2548	0.000000		0.084000	519
2549	0.000000		0.084000	520
2550	0.000000		0.084000	520
2551	0.000000		0.084000	520
2552	0.000000		0.084000	520
2553	0.000000		0.084000	520
2554	0.000000		0.084000	521
2555	0.000000		0.084000	521
2556	0.000000		0.084000	521
2557	0.000000		0.084000	521
2558	0.000000		0.084000	521
2559	0.000000		0.084000	522
2560	0.000000		0.084000	522
2561	0.000000		0.084000	522
2562	0.000000		0.084000	522
2563	0.000000		0.084000	522
2564	0.000000		0.084000	523
2565	0.000000		0.084000	523
2566	0.000000		0.084000	523
2567	0.000000		0.084000	523
2568	0.000000		0.084000	523
2569	0.000000		0.084000	524
2570	0.000000		0.084000	524
2571	0.000000		0.084000	524
2572	0.000000		0.084000	524
2573	0.000000		0.084000	524
2574	0.000000		0.084000	525
2575	0.000000		0.084000	525
2576	0.000000		0.084000	525
2577	0.000000		0.084000	525
2578	0.000000		0.084000	525
2579	0.000000		0.084000	526
2580	0.000000		0.084000	526
2581	0.000000		0.084000	526
2582	0.000000		0.084000	526
2583	0.000000		0.084000	526
2584	0.000000		0.084000	527
2585	0.000000		0.084000	527
2586	0.000000		0.084000	527
2587	0.000000		0.084000	527
2588	0.000000		0.084000	527
2589	0.000000		0.084000	528
2590	0.000000		0.084000	528
2591	0.000000		0.084000	528
2592	0.000000		0.084000	528
2593	0.000000		0.084000	528
2594	0.000000		0.084000	529
2595	0.000000		0.084000	529
2596	0.000000		0.084000	529
2597	0.000000		0.084000	529
2598	0.000000		0.084000	529
2599	0.000000		0.084000	530
2600	0.000000		0.084000	530
2601	0.000000		0.084000	530
2602	0.000000		0.084000	530
2603	0.000000		0.084000	530
2604	0.000000		0.084000	531
2605	0.000000		0.082000	531
2606	0.000000		0.084000	531
2607	0.000000		0.082000	531
2608	0.000000		0.084000	531
2609	0.000000		0.084000	532
2610	0.000000		0.084000	532
2611	0.000000		0.082000	532
2612	0.000000		0.084000	532
2613	0.000000		0.082000	532
2614	0.000000		0.084000	533
2615	0.000000		0.082000	533
2616	0.000000		0.082000	533
2617	0.000000		0.082000	533
2618	0.000000		0.082000	533
2619	0.000000		0.082000	534
2620	0.000000		0.082000	534
2621	0.000000		0.084000	534
2622	0.000000		0.084000	534
2623	0.000000		0.082000	535
2624	0.000000		0.084000	535
2625	0.000000		0.082000	535
2626	0.000000		0.084000	535
2627	0.000000		0.084000	535
2628	0.000000		0.084000	536
2629	0.000000		0.084000	536
2630	0.000000		0.084000	536
2631	0.000000		0.084000	536
2632	0.000000		0.084000	536
2633	0.000000		0.084000	537
2634	0.000000		0.084000	537
2635	0.000000		0.084000	537
2636	0.000000		0.084000	537
2637	0.000000		0.084000	537
2638	0.000000		0.082000	538
2639	0.000000		0.084000	538
2640	0.000000		0.082000	538
2641	0.000000		0.082000	538
2642	0.000000		0.082000	538
2643	0.000000		0.082000	539
2644	0.000000		0.082000	539
2645	0.000000		0.084000	539
2646	0.000000		0.084000	539
2647	0.000000		0.084000	539
2648	0.000000		0.084000	540
2649	0.000000		0.084000	540
2650	0.000000		0.084000	540
2651	0.000000		0.084000	540
2652	0.000000		0.084000	540
2653	0.000000		0.084000	541
2654	0.000000		0.084000	541
2655	0.000000		0.084000	541
2656	0.000000		0.084000	541
2657	0.000000		0.084000	541
2658	0.000000		0.084000	542
2659	0.000000		0.084000	542
2660	0.000000		0.082000	542
2661	0.000000		0.082000	542
2662	0.000000		0.082000	542
2663	0.000000		0.082000	543
2664	0.000000		0.082000	543
2665	0.000000		0.082000	543
2666	0.000000		0.082000	543
2667	0.000000		0.082000	543
2668	0.000000		0.082000	544
2669	0.000000		0.084000	544
2670	0.000000		0.082000	544
2671	0.000000		0.082000	544
2672	0.000000		0.082000	544
2673	0.000000		0.082000	545
2674	0.000000		0.082000	545
2675	0.000000		0.082000	545
2676	0.000000		0.082000	545
2677	0.000000		0.082000	545
2678	0.000000		0.082000	546
2679	0.000000		0.080000	546
2680	0.000000		0.080000	546
2681	0.000000		0.080000	546
2682	0.000000		0.080000	546
2683	0.000000		0.080000	547
2684	0.000000		0.080000	547
2685	0.000000		0.080000	547
2686	0.000000		0.080000	547
2687	0.000000		0.080000	547
2688	0.000000		0.080000	548
2689	0.000000		0.080000	548
2690	0.000000		0.080000	548
2691	0.000000		0.082000	548
2692	0.000000		0.082000	549
2693	0.000000		0.082000	549
2694	0.000000		0.082000	549
2695	0.000000		0.082000	549
2696	0.000000		0.082000	549
2697	0.000000		0.082000	550
2698	0.000000		0.080000	550
2699	0.000000		0.082000	550
2700	0.000000		0.082000	550
2701	0.000000		0.082000	550
2702	0.000000		0.080000	551
2703	0.000000		0.082000	551
2704	0.000000		0.082000	551
2705	0.000000		0.082000	551
2706	0.000000		0.082000	551
2707	0.000000		0.082000	552
2708	0.000000		0.084000	552
2709	0.000000		0.082000	552
2710	0.000000		0.084000	552
2711	0.000000		0.082000	552
2712	0.000000		0.084000	553
2713	0.000000		0.084000	553
2714	0.000000		0.084000	553
2715	0.000000		0.084000	553
2716	0.000000		0.084000	553
2717	0.000000		0.084000	554
2718	0.000000		0.084000	554
2719	0.000000		0.084000	554
2720	0.000000		0.084000	554
2721	0.000000		0.084000	554
2722	0.000000		0.084000	555
2723	0.000000		0.084000	555
2724	0.000000		0.084000	555
2725	0.000000		0.084000	555
2726	0.000000		0.084000	555
2727	0.000000		0.084000	556
2728	0.000000		0.084000	556
2729	0.000000		0.084000	556
2730	0.000000		0.084000	556
2731	0.000000		0.084000	556
2732	0.000000		0.084000	557
2733	0.000000		0.084000	557
2734	0.000000		0.084000	557
2735	0.000000		0.084000	557
2736	0.000000		0.084000	557
2737	0.000000		0.084000	558
2738	0.000000		0.084000	558
2739	0.000000		0.084000	558
2740	0.000000		0.084000	558
2741	0.000000		0.084000	558
2742	0.000000		0.084000	559
2743	0.000000		0.084000	559
2744	0.000000		0.084000	559
2745	0.000000		0.084000	559
2746	0.000000		0.084000	559
2747	0.000000		0.084000	560
2748	0.000000		0.084000	560
2749	0.000000		0.084000	560
2750	0.000000		0.084000	560
2751	0.000000		0.084000	560
2752	0.000000		0.084000	561
2753	0.000000		0.084000	561
2754	0.000000		0.084000	561
2755	0.000000		0.084000	561
2756	0.000000		0.084000	561
2757	0.000000		0.084000	562
2758	0.000000		0.084000	562
2759	0.000000		0.084000	562
2760	0.000000		0.084000	562
2761	0.000000		0.084000	563
2762	0.000000		0.084000	563
2763	0.000000		0.084000	563
2764	0.000000		0.084000	563
2765	0.000000		0.084000	563
2766	0.000000		0.084000	564
2767	0.000000		0.084000	564
2768	0.000000		0.084000	564
2769	0.000000		0.084000	564
2770	0.000000		0.084000	564
2771	0.000000		0.084000	565
2772	0.000000		0.084000	565
2773	0.000000		0.084000	565
2774	0.000000		0.084000	565
2775	0.000000		0.084000	565
2776	0.000000		0.084000	566
2777	0.000000		0.084000	566
2778	0.000000		0.084000	566
2779	0.000000		0.084000	566
2780	0.000000		0.084000	566
2781	0.000000		0.084000	567
2782	0.000000		0.084000	567
2783	0.000000		0.084000	567
2784	0.000000		0.084000	567
2785	0.000000		0.084000	567
2786	0.000000		0.084000	568
2787	0.000000		0.084000	568
2788	0.000000		0.084000	568
2789	0.000000		0.084000	568
2790	0.000000		0.084000	568
2791	0.000000		0.084000	569
2792	0.000000		0.084000	569
2793	0.000000		0.084000	569
2794	0.000000		0.084000	569
2795	0.000000		0.084000	569
2796	0.000000		0.084000	570
2797	0.000000		0.082000	570
2798	0.000000		0.084000	570
2799	0.000000		0.082000	570
2800	0.000000		0.084000	570
2801	0.000000		0.082000	571
2802	0.000000		0.082000	571
2803	0.000000		0.082000	571
2804	0.000000		0.082000	571
2805	0.000000		0.082000	571
2806	0.000000		0.082000	572
2807	0.000000		0.082000	572
2808	0.000000		0.082000	572
2809	0.000000		0.082000	572
2810	0.000000		0.082000	572
2811	0.000000		0.082000	573
2812	0.000000		0.082000	573
2813	0.000000		0.082000	573
2814	0.000000		0.082000	573
2815	0.000000		0.082000	573
2816	0.000000		0.082000	574
2817	0.000000		0.082000	574
2818	0.000000		0.082000	574
2819	0.000000		0.082000	574
2820	0.000000		0.082000	574
2821	0.000000		0.082000	575
2822	0.000000		0.082000	575
2823	0.000000		0.082000	575
2824	0.000000		0.082000	575
2825	0.000000		0.082000	575
2826	0.000000		0.082000	576
2827	0.000000		0.082000	576
2828	0.000000		0.082000	576
2829	0.000000		0.082000	576
2830	0.000000		0.082000	577
2831	0.000000		0.082000	577
2832	0.000000		0.082000	577
2833	0.000000		0.082000	577
2834	0.000000		0.082000	577
2835	0.000000		0.082000	578
2836	0.000000		0.082000	578
2837	0.000000		0.082000	578
2838	0.000000		0.082000	578
2839	0.000000		0.082000	578
2840	0.000000		0.082000	579
2841	0.000000		0.082000	579
2842	0.000000		0.082000	579
2843	0.000000		0.082000	579
2844	0.000000		0.082000	579
2845	0.000000		0.082000	580
2846	0.000000		0.084000	580
2847	0.000000		0.082000	580
2848	0.000000		0.082000	580
2849	0.000000		0.082000	580
2850	0.000000		0.084000	581
2851	0.000000		0.082000	581
2852	0.000000		0.084000	581
2853	0.000000		0.082000	581
2854	0.000000		0.082000	581
2855	0.000000		0.082000	582
2856	0.000000		0.082000	582
2857	0.000000		0.082000	582
2858	0.000000		0.082000	582
2859	0.000000		0.082000	582
2860	0.000000		0.084000	583
2861	0.000000		0.084000	583
2862	0.000000		0.084000	583
2863	0.000000		0.084000	583
2864	0.000000		0.084000	583
2865	0.000000		0.084000	584
2866	0.000000		0.084000	584
2867	0.000000		0.082000	584
2868	0.000000		0.082000	584
2869	0.000000		0.082000	584
2870	0.000000		0.082000	585
2871	0.000000		0.082000	585
2872	0.000000		0.082000	585
2873	0.000000		0.082000	585
2874	0.000000		0.082000	585
2875	0.000000		0.082000	586
2876	0.000000		0.082000	586
2877	0.000000		0.082000	586
2878	0.000000		0.082000	586
2879	0.000000		0.082000	586
2880	0.000000		0.082000	587
2881	0.000000		0.082000	587
2882	0.000000		0.082000	587
2883	0.000000		0.082000	587
2884	0.000000		0.082000	587
2885	0.000000		0.082000	588
2886	0.000000		0.082000	588
2887	0.000000		0.082000	588
2888	0.000000		0.082000	588
2889	0.000000		0.082000	588
2890	0.000000		0.082000	589
2891	0.000000		0.082000	589
2892	0.000000		0.082000	589
2893	0.000000		0.082000	589
2894	0.000000		0.082000	589
2895	0.000000		0.082000	590
2896	0.000000		0.082000	590
2897	0.000000		0.082000	590
2898	0.000000		0.082000	590
2899	0.000000		0.082000	590
2900	0.000000		0.082000	591
2901	0.000000		0.082000	591
2902	0.000000		0.082000	591
2903	0.000000		0.082000	591
2904	0.000000		0.082000	592
2905	0.000000		0.082000	592
2906	0.000000		0.082000	592
2907	0.000000		0.082000	592
2908	0.000000		0.082000	592
2909	0.000000		0.082000	593
2910	0.000000		0.082000	593
2911	0.000000		0.082000	593
2912	0.000000		0.084000	593
2913	0.000000		0.082000	593
2914	0.000000		0.084000	594
2915	0.000000		0.084000	594
2916	0.000000		0.084000	594
2917	0.000000		0.084000	594
2918	0.000000		0.084000	594
2919	0.000000		0.084000	595
2920	0.000000		0.084000	595
2921	0.000000		0.084000	595
2922	0.000000		0.084000	595
2923	0.000000		0.084000	595
2924	0.000000		0.084000	596
2925	0.000000		0.084000	596
2926	0.000000		0.084000	596
2927	0.000000		0.084000	596
2928	0.000000		0.084000	596
2929	0.000000		0.084000	597
2930	0.000000		0.084000	597
2931	0.000000		0.084000	597
2932	0.000000		0.084000	597
2933	0.000000		0.084000	597
2934	0.000000		0.084000	598
2935	0.000000		0.084000	598
2936	0.000000		0.084000	598
2937	0.000000		0.084000	598
2938	0.000000		0.084000	598
2939	0.000000		0.084000	599
2940	0.000000		0.084000	599
2941	0.000000		0.084000	599
2942	0.000000		0.084000	599
2943	0.000000		0.084000	599
2944	0.000000		0.082000	600
2945	0.000000		0.084000	600
2946	0.000000		0.082000	600
2947	0.000000		0.084000	600
2948	0.000000		0.084000	600
2949	0.000000		0.084000	601
2950	0.000000		0.082000	601
2951	0.000000		0.084000	601
2952	0.000000		0.084000	601
2953	0.000000		0.084000	601
2954	0.000000		0.084000	602
2955	0.000000		0.084000	602
2956	0.000000		0.084000	602
2957	0.000000		0.084000	602
2958	0.000000		0.082000	602
2959	0.000000		0.082000	603
2960	0.000000		0.082000	603
2961	0.000000		0.082000	603
2962	0.000000		0.082000	603
2963	0.000000		0.082000	603
2964	0.000000		0.082000	604
2965	0.000000		0.082000	604
2966	0.000000		0.082000	604
2967	0.000000		0.082000	604
2968	0.000000		0.082000	604
2969	0.000000		0.082000	605
2970	0.000000		0.082000	605
2971	0.000000		0.082000	605
2972	0.000000		0.082000	605
2973	0.000000		0.082000	605
2974	0.000000		0.082000	606
2975	0.000000		0.084000	606
2976	0.000000		0.082000	606
2977	0.000000		0.082000	606
2978	0.000000		0.082000	607
2979	0.000000		0.082000	607
2980	0.000000		0.082000	607
2981	0.000000		0.082000	607
2982	0.000000		0.082000	607
2983	0.000000		0.082000	608
2984	0.000000		0.082000	608
2985	0.000000		0.082000	608
2986	0.000000		0.082000	608
2987	0.000000		0.082000	608
2988	0.000000		0.082000	609
2989	0.000000		0.082000	609
2990	0.000000		0.082000	609
2991	0.000000		0.082000	609
2992	0.000000		0.082000	609
2993	0.000000		0.082000	610
2994	0.000000		0.082000	610
2995	0.000000		0.082000	610
2996	0.000000		0.082000	610
2997	0.000000		0.082000	610
2998	0.000000		0.082000	611
2999	0.000000		0.082000	611
3000	0.000000		0.082000	611
