0	0.303556		0.260000	0
1	0.063111		0.064000	1
2	0.063111		0.064000	1
3	0.063111		0.064000	1
4	0.063111		0.064000	1
5	0.063111		0.064000	2
6	0.063111		0.064000	2
7	0.063111		0.064000	2
8	0.063111		0.064000	2
9	0.063111		0.064000	2
10	0.063111		0.064000	3
11	0.063111		0.064000	3
12	0.063111		0.064000	3
13	0.063111		0.064000	3
14	0.063111		0.064000	4
15	0.063111		0.064000	4
16	0.063111		0.064000	4
17	0.063111		0.064000	4
18	0.062222		0.064000	5
19	0.062222		0.064000	5
20	0.062222		0.064000	5
21	0.061333		0.064000	5
22	0.062222		0.068000	5
23	0.061778		0.064000	6
24	0.062222		0.068000	6
25	0.061333		0.064000	6
26	0.061778		0.064000	6
27	0.062667		0.064000	7
28	0.061333		0.064000	7
29	0.062222		0.064000	7
30	0.061333		0.064000	7
31	0.061778		0.068000	8
32	0.060000		0.064000	8
33	0.060889		0.068000	8
34	0.059111		0.064000	8
35	0.060889		0.068000	8
36	0.059556		0.064000	9
37	0.060889		0.068000	9
38	0.060000		0.060000	9
39	0.060444		0.064000	9
40	0.060000		0.068000	10
41	0.060444		0.064000	10
42	0.059556		0.064000	10
43	0.060889		0.064000	10
44	0.060000		0.064000	11
45	0.060889		0.064000	11
46	0.060000		0.064000	11
47	0.059556		0.060000	11
48	0.060889		0.064000	11
49	0.057778		0.060000	12
50	0.060889		0.064000	12
51	0.059111		0.064000	12
52	0.060000		0.064000	12
53	0.059111		0.064000	13
54	0.060444		0.064000	13
55	0.058667		0.064000	13
56	0.060444		0.064000	13
57	0.058667		0.064000	13
58	0.060000		0.064000	14
59	0.058667		0.064000	14
60	0.060000		0.064000	14
61	0.058667		0.064000	14
62	0.060000		0.064000	15
63	0.058667		0.064000	15
64	0.056889		0.068000	15
65	0.057778		0.064000	15
66	0.056889		0.068000	16
67	0.057778		0.064000	16
68	0.057778		0.064000	16
69	0.058667		0.064000	16
70	0.057333		0.064000	16
71	0.058222		0.064000	17
72	0.057778		0.060000	17
73	0.057778		0.064000	17
74	0.057778		0.060000	17
75	0.058222		0.064000	18
76	0.056000		0.060000	18
77	0.057778		0.064000	18
78	0.056000		0.060000	18
79	0.055556		0.068000	19
80	0.056444		0.064000	19
81	0.056444		0.068000	19
82	0.056444		0.068000	19
83	0.056000		0.068000	19
84	0.053778		0.064000	20
85	0.053333		0.064000	20
86	0.053333		0.060000	20
87	0.053778		0.060000	20
88	0.053333		0.060000	21
89	0.053778		0.064000	21
90	0.052444		0.060000	21
91	0.053778		0.064000	21
92	0.050222		0.064000	21
93	0.053333		0.064000	22
94	0.050222		0.064000	22
95	0.053333		0.064000	22
96	0.051556		0.064000	22
97	0.052444		0.064000	23
98	0.051111		0.064000	23
99	0.052000		0.068000	23
100	0.051111		0.064000	23
101	0.051556		0.060000	24
102	0.051111		0.064000	24
103	0.052889		0.060000	24
104	0.051556		0.060000	24
105	0.050222		0.064000	24
106	0.051111		0.060000	25
107	0.049778		0.064000	25
108	0.051556		0.060000	25
109	0.049333		0.064000	25
110	0.050222		0.060000	26
111	0.049333		0.064000	26
112	0.049778		0.064000	26
113	0.049333		0.068000	26
114	0.049778		0.060000	27
115	0.049333		0.068000	27
116	0.049778		0.060000	27
117	0.049778		0.068000	27
118	0.049778		0.060000	27
119	0.049778		0.068000	28
120	0.049333		0.060000	28
121	0.048889		0.068000	28
122	0.048000		0.064000	28
123	0.048889		0.068000	29
124	0.048000		0.064000	29
125	0.048889		0.068000	29
126	0.048000		0.068000	29
127	0.048000		0.068000	30
128	0.047556		0.068000	30
129	0.048000		0.068000	30
130	0.047556		0.068000	30
131	0.048889		0.068000	30
132	0.047556		0.068000	31
133	0.048444		0.068000	31
134	0.047111		0.068000	31
135	0.046667		0.068000	31
136	0.047556		0.072000	32
137	0.045333		0.068000	32
138	0.046667		0.072000	32
139	0.045333		0.068000	32
140	0.046667		0.072000	32
141	0.044889		0.068000	33
142	0.046667		0.072000	33
143	0.045333		0.068000	33
144	0.047111		0.072000	33
145	0.045778		0.068000	34
146	0.047111		0.072000	34
147	0.045778		0.068000	34
148	0.046222		0.072000	34
149	0.044444		0.068000	35
150	0.045333		0.068000	35
151	0.045333		0.068000	35
152	0.044889		0.068000	35
153	0.045333		0.068000	35
154	0.045333		0.068000	36
155	0.044444		0.068000	36
156	0.044889		0.068000	36
157	0.043556		0.068000	36
158	0.045333		0.068000	37
159	0.044444		0.068000	37
160	0.045333		0.068000	37
161	0.044000		0.068000	37
162	0.044889		0.068000	38
163	0.041778		0.068000	38
164	0.044889		0.068000	38
165	0.043556		0.068000	38
166	0.044444		0.068000	38
167	0.043556		0.068000	39
168	0.045778		0.068000	39
169	0.043556		0.068000	39
170	0.044889		0.072000	39
171	0.043556		0.068000	40
172	0.045333		0.072000	40
173	0.043556		0.068000	40
174	0.043111		0.072000	40
175	0.041778		0.068000	40
176	0.044000		0.064000	41
177	0.042667		0.068000	41
178	0.043556		0.068000	41
179	0.042222		0.068000	41
180	0.043556		0.068000	42
181	0.044889		0.068000	42
182	0.044000		0.068000	42
183	0.043111		0.068000	42
184	0.043556		0.068000	43
185	0.043111		0.068000	43
186	0.042667		0.064000	43
187	0.042222		0.068000	43
188	0.043111		0.064000	43
189	0.042222		0.068000	44
190	0.042667		0.064000	44
191	0.042222		0.068000	44
192	0.042667		0.064000	44
193	0.041778		0.068000	45
194	0.042667		0.064000	45
195	0.041778		0.068000	45
196	0.043111		0.064000	45
197	0.041778		0.068000	46
198	0.042222		0.068000	46
199	0.042222		0.068000	46
200	0.039556		0.064000	46
201	0.041778		0.068000	46
202	0.040444		0.068000	47
203	0.041778		0.068000	47
204	0.040000		0.064000	47
205	0.041778		0.068000	47
206	0.037778		0.072000	48
207	0.039556		0.068000	48
208	0.039111		0.072000	48
209	0.037778		0.068000	48
210	0.039556		0.068000	48
211	0.038222		0.068000	49
212	0.040889		0.068000	49
213	0.038222		0.068000	49
214	0.039111		0.068000	49
215	0.037333		0.068000	50
216	0.038222		0.068000	50
217	0.036444		0.068000	50
218	0.038222		0.068000	50
219	0.036889		0.068000	51
220	0.037333		0.072000	51
221	0.036444		0.072000	51
222	0.037333		0.072000	51
223	0.036889		0.072000	51
224	0.035556		0.076000	52
225	0.036889		0.072000	52
226	0.035111		0.076000	52
227	0.036889		0.072000	52
228	0.035111		0.076000	53
229	0.036889		0.072000	53
230	0.035556		0.076000	53
231	0.036000		0.072000	53
232	0.035111		0.076000	54
233	0.036444		0.072000	54
234	0.034222		0.076000	54
235	0.035111		0.072000	54
236	0.034222		0.076000	54
237	0.035111		0.072000	55
238	0.034222		0.076000	55
239	0.036000		0.072000	55
240	0.032889		0.076000	55
241	0.034222		0.072000	56
242	0.032000		0.076000	56
243	0.033778		0.072000	56
244	0.032889		0.072000	56
245	0.033778		0.072000	56
246	0.031556		0.072000	57
247	0.034667		0.072000	57
248	0.032000		0.072000	57
249	0.032889		0.072000	57
250	0.031556		0.072000	58
251	0.029778		0.072000	58
252	0.031556		0.072000	58
253	0.028444		0.072000	58
254	0.032444		0.072000	59
255	0.028889		0.072000	59
256	0.031556		0.072000	59
257	0.029333		0.072000	59
258	0.032000		0.068000	59
259	0.028444		0.072000	60
260	0.031556		0.072000	60
261	0.030222		0.072000	60
262	0.031111		0.072000	60
263	0.030667		0.072000	61
264	0.030667		0.072000	61
265	0.031556		0.072000	61
266	0.030222		0.072000	61
267	0.031556		0.072000	62
268	0.030222		0.072000	62
269	0.030667		0.072000	62
270	0.030222		0.072000	62
271	0.030222		0.072000	62
272	0.029778		0.072000	63
273	0.031111		0.072000	63
274	0.029333		0.072000	63
275	0.030667		0.072000	63
276	0.029778		0.072000	64
277	0.029333		0.072000	64
278	0.031111		0.068000	64
279	0.028000		0.072000	64
280	0.030222		0.068000	65
281	0.028000		0.072000	65
282	0.029778		0.068000	65
283	0.028444		0.072000	65
284	0.028444		0.068000	65
285	0.029333		0.072000	66
286	0.025778		0.068000	66
287	0.030222		0.068000	66
288	0.026667		0.068000	66
289	0.029333		0.068000	67
290	0.026667		0.068000	67
291	0.028889		0.068000	67
292	0.027556		0.068000	67
293	0.028444		0.068000	67
294	0.028000		0.068000	68
295	0.026667		0.068000	68
296	0.027556		0.068000	68
297	0.027111		0.068000	68
298	0.027111		0.064000	69
299	0.026667		0.068000	69
300	0.027111		0.064000	69
301	0.025778		0.068000	69
302	0.026222		0.064000	70
303	0.026222		0.068000	70
304	0.025333		0.064000	70
305	0.025333		0.068000	70
306	0.026667		0.064000	70
307	0.025778		0.068000	71
308	0.024889		0.064000	71
309	0.024000		0.068000	71
310	0.025333		0.064000	71
311	0.023556		0.068000	72
312	0.023556		0.064000	72
313	0.023111		0.068000	72
314	0.025778		0.068000	72
315	0.023111		0.068000	73
316	0.025778		0.068000	73
317	0.023111		0.068000	73
318	0.025333		0.068000	73
319	0.022667		0.068000	73
320	0.023556		0.068000	74
321	0.021778		0.068000	74
322	0.023556		0.068000	74
323	0.020000		0.072000	74
324	0.021333		0.072000	75
325	0.020889		0.072000	75
326	0.020889		0.072000	75
327	0.020889		0.072000	75
328	0.021333		0.072000	75
329	0.020889		0.068000	76
330	0.021778		0.072000	76
331	0.020889		0.068000	76
332	0.021333		0.072000	76
333	0.020444		0.068000	77
334	0.021333		0.068000	77
335	0.018222		0.068000	77
336	0.020444		0.068000	77
337	0.019111		0.068000	78
338	0.020444		0.068000	78
339	0.018222		0.068000	78
340	0.020889		0.068000	78
341	0.019556		0.068000	78
342	0.021778		0.068000	79
343	0.020889		0.068000	79
344	0.019111		0.068000	79
345	0.020000		0.068000	79
346	0.019556		0.068000	80
347	0.021333		0.068000	80
348	0.020444		0.068000	80
349	0.020000		0.068000	80
350	0.020000		0.068000	81
351	0.019111		0.068000	81
352	0.019111		0.068000	81
353	0.019111		0.068000	81
354	0.019111		0.068000	81
355	0.020444		0.068000	82
356	0.017333		0.068000	82
357	0.019111		0.068000	82
358	0.017333		0.068000	82
359	0.018667		0.068000	83
360	0.017333		0.068000	83
361	0.019111		0.068000	83
362	0.016889		0.068000	83
363	0.018222		0.068000	83
364	0.016444		0.068000	84
365	0.019111		0.068000	84
366	0.016444		0.068000	84
367	0.018667		0.068000	84
368	0.016444		0.068000	85
369	0.017333		0.068000	85
370	0.016889		0.068000	85
371	0.016889		0.068000	85
372	0.017333		0.068000	86
373	0.016000		0.064000	86
374	0.017333		0.068000	86
375	0.016000		0.064000	86
376	0.015111		0.068000	86
377	0.017333		0.068000	87
378	0.015111		0.068000	87
379	0.017333		0.068000	87
380	0.015111		0.068000	87
381	0.016444		0.068000	88
382	0.015111		0.068000	88
383	0.015556		0.068000	88
384	0.014667		0.068000	88
385	0.015556		0.068000	89
386	0.015556		0.068000	89
387	0.014667		0.068000	89
388	0.014667		0.068000	89
389	0.012889		0.068000	89
390	0.014667		0.068000	90
391	0.012889		0.068000	90
392	0.013333		0.068000	90
393	0.011111		0.068000	90
394	0.014222		0.068000	91
395	0.012889		0.068000	91
396	0.013778		0.068000	91
397	0.012889		0.068000	91
398	0.012889		0.068000	91
399	0.011556		0.068000	92
400	0.011111		0.068000	92
401	0.011556		0.068000	92
402	0.011111		0.068000	92
403	0.011556		0.068000	93
404	0.011111		0.068000	93
405	0.012000		0.068000	93
406	0.010222		0.068000	93
407	0.011556		0.068000	94
408	0.011556		0.068000	94
409	0.012444		0.064000	94
410	0.010667		0.064000	94
411	0.012000		0.064000	94
412	0.010667		0.064000	95
413	0.012000		0.068000	95
414	0.010222		0.064000	95
415	0.011111		0.068000	95
416	0.010667		0.064000	96
417	0.009778		0.068000	96
418	0.010222		0.064000	96
419	0.009778		0.068000	96
420	0.010222		0.064000	97
421	0.009333		0.068000	97
422	0.010222		0.064000	97
423	0.008889		0.068000	97
424	0.010222		0.068000	97
425	0.008444		0.064000	98
426	0.010222		0.068000	98
427	0.008000		0.068000	98
428	0.009333		0.068000	98
429	0.008000		0.064000	99
430	0.009333		0.064000	99
431	0.008444		0.064000	99
432	0.008889		0.064000	99
433	0.008889		0.064000	99
434	0.008889		0.064000	100
435	0.008000		0.064000	100
436	0.009778		0.064000	100
437	0.007556		0.064000	100
438	0.009778		0.064000	101
439	0.008444		0.064000	101
440	0.009778		0.064000	101
441	0.008444		0.064000	101
442	0.009778		0.064000	102
443	0.008889		0.064000	102
444	0.007111		0.064000	102
445	0.010222		0.064000	102
446	0.006667		0.064000	102
447	0.009778		0.064000	103
448	0.006222		0.064000	103
449	0.007556		0.064000	103
450	0.006222		0.068000	103
451	0.008444		0.068000	104
452	0.006222		0.068000	104
453	0.008000		0.068000	104
454	0.006222		0.068000	104
455	0.007556		0.068000	105
456	0.006222		0.068000	105
457	0.007556		0.068000	105
458	0.006222		0.068000	105
459	0.007111		0.068000	105
460	0.006222		0.068000	106
461	0.007556		0.068000	106
462	0.006222		0.068000	106
463	0.006222		0.068000	106
464	0.005778		0.068000	107
465	0.006222		0.068000	107
466	0.007556		0.068000	107
467	0.005333		0.068000	107
468	0.007556		0.068000	107
469	0.004444		0.068000	108
470	0.007556		0.068000	108
471	0.005333		0.068000	108
472	0.005778		0.068000	108
473	0.004889		0.068000	109
474	0.006667		0.068000	109
475	0.004889		0.068000	109
476	0.005778		0.068000	109
477	0.004889		0.068000	110
478	0.005333		0.068000	110
479	0.005333		0.068000	110
480	0.004889		0.068000	110
481	0.004889		0.068000	110
482	0.004889		0.068000	111
483	0.005333		0.068000	111
484	0.004889		0.068000	111
485	0.005333		0.068000	111
486	0.004889		0.068000	112
487	0.004889		0.068000	112
488	0.004889		0.068000	112
489	0.004000		0.068000	112
490	0.004889		0.068000	113
491	0.003111		0.068000	113
492	0.004444		0.068000	113
493	0.003111		0.068000	113
494	0.004000		0.068000	113
495	0.003111		0.068000	114
496	0.004444		0.068000	114
497	0.003111		0.068000	114
498	0.004444		0.068000	114
499	0.002667		0.068000	115
500	0.004000		0.068000	115
501	0.002667		0.068000	115
502	0.004000		0.068000	115
503	0.002667		0.064000	115
504	0.004889		0.068000	116
505	0.002667		0.064000	116
506	0.004889		0.068000	116
507	0.003111		0.068000	116
508	0.004889		0.068000	117
509	0.003111		0.068000	117
510	0.004000		0.068000	117
511	0.002667		0.068000	117
512	0.004000		0.068000	118
513	0.003111		0.068000	118
514	0.003556		0.068000	118
515	0.002667		0.068000	118
516	0.003556		0.068000	118
517	0.002667		0.068000	119
518	0.003556		0.068000	119
519	0.002667		0.068000	119
520	0.003556		0.068000	119
521	0.002667		0.068000	120
522	0.003556		0.068000	120
523	0.002667		0.068000	120
524	0.004000		0.068000	120
525	0.002222		0.068000	121
526	0.003111		0.068000	121
527	0.002667		0.068000	121
528	0.002667		0.068000	121
529	0.002667		0.068000	121
530	0.002667		0.068000	122
531	0.002667		0.068000	122
532	0.004000		0.068000	122
533	0.002667		0.068000	122
534	0.002667		0.068000	123
535	0.002667		0.068000	123
536	0.002667		0.068000	123
537	0.002667		0.068000	123
538	0.003111		0.068000	123
539	0.001778		0.068000	124
540	0.003556		0.068000	124
541	0.001333		0.068000	124
542	0.002667		0.068000	124
543	0.001333		0.068000	125
544	0.002667		0.068000	125
545	0.001333		0.068000	125
546	0.001778		0.068000	125
547	0.001333		0.068000	126
548	0.001333		0.068000	126
549	0.001333		0.068000	126
550	0.001333		0.068000	126
551	0.001333		0.068000	126
552	0.001333		0.068000	127
553	0.001333		0.068000	127
554	0.001333		0.068000	127
555	0.001333		0.068000	127
556	0.001778		0.068000	128
557	0.001333		0.068000	128
558	0.001778		0.068000	128
559	0.001333		0.068000	128
560	0.002222		0.068000	129
561	0.001333		0.068000	129
562	0.001333		0.068000	129
563	0.001333		0.068000	129
564	0.001333		0.068000	129
565	0.001333		0.068000	130
566	0.001333		0.068000	130
567	0.001333		0.068000	130
568	0.001333		0.068000	130
569	0.001333		0.068000	131
570	0.001333		0.068000	131
571	0.001333		0.068000	131
572	0.001333		0.068000	131
573	0.001333		0.068000	132
574	0.001333		0.068000	132
575	0.001333		0.068000	132
576	0.001333		0.068000	132
577	0.001333		0.068000	132
578	0.001333		0.068000	133
579	0.001333		0.068000	133
580	0.001333		0.068000	133
581	0.001333		0.068000	133
582	0.001333		0.068000	134
583	0.000889		0.068000	134
584	0.001333		0.068000	134
585	0.000889		0.068000	134
586	0.001333		0.068000	134
587	0.000889		0.068000	135
588	0.001333		0.068000	135
589	0.000889		0.068000	135
590	0.001333		0.068000	135
591	0.000889		0.068000	136
592	0.001333		0.068000	136
593	0.001333		0.068000	136
594	0.001333		0.068000	136
595	0.001333		0.068000	137
596	0.001333		0.068000	137
597	0.001333		0.068000	137
598	0.001333		0.068000	137
599	0.000889		0.068000	137
600	0.001333		0.068000	138
601	0.001333		0.068000	138
602	0.001333		0.068000	138
603	0.001333		0.068000	138
604	0.001333		0.068000	139
605	0.000000		0.068000	139
606	0.000889		0.068000	139
607	0.000444		0.068000	139
608	0.000889		0.068000	140
609	0.000444		0.068000	140
610	0.000889		0.068000	140
611	0.000444		0.068000	140
612	0.000444		0.068000	140
613	0.000444		0.068000	141
614	0.000444		0.068000	141
615	0.000889		0.068000	141
616	0.000444		0.068000	141
617	0.000444		0.068000	142
618	0.000444		0.068000	142
619	0.000444		0.068000	142
620	0.000444		0.068000	142
621	0.000444		0.068000	142
622	0.000444		0.068000	143
623	0.000444		0.068000	143
624	0.000444		0.068000	143
625	0.000444		0.068000	143
626	0.000444		0.068000	144
627	0.000444		0.068000	144
628	0.000444		0.068000	144
629	0.000444		0.068000	144
630	0.000444		0.068000	145
631	0.000444		0.068000	145
632	0.000444		0.068000	145
633	0.000444		0.068000	145
634	0.000444		0.068000	145
635	0.000444		0.068000	146
636	0.000444		0.068000	146
637	0.000444		0.068000	146
638	0.000444		0.068000	146
639	0.000444		0.068000	147
640	0.000444		0.068000	147
641	0.000444		0.068000	147
642	0.000444		0.068000	147
643	0.000444		0.068000	148
644	0.000444		0.068000	148
645	0.000444		0.068000	148
646	0.000444		0.068000	148
647	0.000444		0.068000	148
648	0.000000		0.068000	149
649	0.000889		0.068000	149
650	0.000000		0.068000	149
651	0.000444		0.068000	149
652	0.000000		0.068000	150
653	0.000444		0.068000	150
654	0.000000		0.068000	150
655	0.000000		0.068000	150
656	0.000444		0.068000	150
657	0.000000		0.068000	151
658	0.000444		0.068000	151
659	0.000000		0.068000	151
660	0.000444		0.068000	151
661	0.000000		0.068000	152
662	0.000444		0.068000	152
663	0.000000		0.068000	152
664	0.000000		0.068000	152
665	0.000000		0.068000	153
666	0.000000		0.068000	153
667	0.000444		0.068000	153
668	0.000444		0.068000	153
669	0.000000		0.068000	153
670	0.000444		0.068000	154
671	0.000000		0.068000	154
672	0.000444		0.068000	154
673	0.000000		0.068000	154
674	0.000000		0.068000	155
675	0.000000		0.068000	155
676	0.000000		0.068000	155
677	0.000000		0.068000	155
678	0.000000		0.068000	156
679	0.000000		0.068000	156
680	0.000000		0.068000	156
681	0.000000		0.068000	156
682	0.000000		0.068000	156
683	0.000000		0.068000	157
684	0.000000		0.068000	157
685	0.000000		0.068000	157
686	0.000000		0.068000	157
687	0.000000		0.068000	158
688	0.000000		0.068000	158
689	0.000000		0.068000	158
690	0.000000		0.068000	158
691	0.000000		0.068000	158
692	0.000000		0.068000	159
693	0.000000		0.068000	159
694	0.000000		0.068000	159
695	0.000000		0.068000	159
696	0.000000		0.068000	160
697	0.000000		0.068000	160
698	0.000000		0.068000	160
699	0.000000		0.068000	160
700	0.000000		0.068000	161
701	0.000000		0.068000	161
702	0.000000		0.068000	161
703	0.000000		0.068000	161
704	0.000000		0.068000	161
705	0.000000		0.068000	162
706	0.000000		0.068000	162
707	0.000000		0.068000	162
708	0.000000		0.068000	162
709	0.000000		0.068000	163
710	0.000000		0.068000	163
711	0.000000		0.068000	163
712	0.000000		0.068000	163
713	0.000000		0.068000	164
714	0.000000		0.068000	164
715	0.000000		0.068000	164
716	0.000000		0.068000	164
717	0.000000		0.068000	164
718	0.000000		0.068000	165
719	0.000000		0.068000	165
720	0.000000		0.068000	165
721	0.000000		0.068000	165
722	0.000000		0.068000	166
723	0.000000		0.068000	166
724	0.000000		0.068000	166
725	0.000000		0.068000	166
726	0.000000		0.068000	166
727	0.000000		0.068000	167
728	0.000000		0.068000	167
729	0.000000		0.068000	167
730	0.000000		0.068000	167
731	0.000000		0.068000	168
732	0.000000		0.068000	168
733	0.000000		0.068000	168
734	0.000000		0.068000	168
735	0.000000		0.068000	169
736	0.000000		0.068000	169
737	0.000000		0.068000	169
738	0.000000		0.068000	169
739	0.000000		0.068000	169
740	0.000000		0.068000	170
741	0.000000		0.068000	170
742	0.000000		0.068000	170
743	0.000000		0.068000	170
744	0.000000		0.068000	171
745	0.000000		0.068000	171
746	0.000000		0.068000	171
747	0.000000		0.068000	171
748	0.000000		0.068000	172
749	0.000000		0.068000	172
750	0.000000		0.068000	172
751	0.000000		0.068000	172
752	0.000000		0.068000	172
753	0.000000		0.068000	173
754	0.000000		0.068000	173
755	0.000000		0.068000	173
756	0.000000		0.068000	173
757	0.000000		0.068000	174
758	0.000000		0.068000	174
759	0.000000		0.068000	174
760	0.000000		0.068000	174
761	0.000000		0.068000	174
762	0.000000		0.068000	175
763	0.000000		0.068000	175
764	0.000000		0.068000	175
765	0.000000		0.068000	175
766	0.000000		0.068000	176
767	0.000000		0.068000	176
768	0.000000		0.068000	176
769	0.000000		0.068000	176
770	0.000000		0.068000	177
771	0.000000		0.068000	177
772	0.000000		0.068000	177
773	0.000000		0.068000	177
774	0.000000		0.068000	177
775	0.000000		0.068000	178
776	0.000000		0.068000	178
777	0.000000		0.068000	178
778	0.000000		0.068000	178
779	0.000000		0.068000	179
780	0.000000		0.068000	179
781	0.000000		0.068000	179
782	0.000000		0.068000	179
783	0.000000		0.068000	180
784	0.000000		0.068000	180
785	0.000000		0.068000	180
786	0.000000		0.068000	180
787	0.000000		0.068000	180
788	0.000000		0.068000	181
789	0.000000		0.068000	181
790	0.000000		0.068000	181
791	0.000000		0.068000	181
792	0.000000		0.068000	182
793	0.000000		0.068000	182
794	0.000000		0.068000	182
795	0.000000		0.068000	182
796	0.000000		0.068000	182
797	0.000000		0.068000	183
798	0.000000		0.068000	183
799	0.000000		0.068000	183
800	0.000000		0.068000	183
801	0.000000		0.068000	184
802	0.000000		0.068000	184
803	0.000000		0.068000	184
804	0.000000		0.068000	184
805	0.000000		0.068000	185
806	0.000000		0.068000	185
807	0.000000		0.068000	185
808	0.000000		0.068000	185
809	0.000000		0.068000	185
810	0.000000		0.068000	186
811	0.000000		0.068000	186
812	0.000000		0.068000	186
813	0.000000		0.068000	186
814	0.000000		0.068000	187
815	0.000000		0.068000	187
816	0.000000		0.068000	187
817	0.000000		0.068000	187
818	0.000000		0.068000	188
819	0.000000		0.068000	188
820	0.000000		0.068000	188
821	0.000000		0.068000	188
822	0.000000		0.068000	188
823	0.000000		0.068000	189
824	0.000000		0.068000	189
825	0.000000		0.068000	189
826	0.000000		0.068000	189
827	0.000000		0.068000	190
828	0.000000		0.068000	190
829	0.000000		0.068000	190
830	0.000000		0.068000	190
831	0.000000		0.068000	190
832	0.000000		0.068000	191
833	0.000000		0.068000	191
834	0.000000		0.068000	191
835	0.000000		0.068000	191
836	0.000000		0.068000	192
837	0.000000		0.068000	192
838	0.000000		0.068000	192
839	0.000000		0.068000	192
840	0.000000		0.068000	193
841	0.000000		0.068000	193
842	0.000000		0.068000	193
843	0.000000		0.068000	193
844	0.000000		0.068000	193
845	0.000000		0.068000	194
846	0.000000		0.068000	194
847	0.000000		0.068000	194
848	0.000000		0.068000	194
849	0.000000		0.068000	195
850	0.000000		0.068000	195
851	0.000000		0.068000	195
852	0.000000		0.068000	195
853	0.000000		0.068000	196
854	0.000000		0.068000	196
855	0.000000		0.068000	196
856	0.000000		0.068000	196
857	0.000000		0.068000	196
858	0.000000		0.068000	197
859	0.000000		0.068000	197
860	0.000000		0.068000	197
861	0.000000		0.068000	197
862	0.000000		0.068000	198
863	0.000000		0.068000	198
864	0.000000		0.068000	198
865	0.000000		0.068000	198
866	0.000000		0.068000	198
867	0.000000		0.068000	199
868	0.000000		0.068000	199
869	0.000000		0.068000	199
870	0.000000		0.068000	199
871	0.000000		0.068000	200
872	0.000000		0.068000	200
873	0.000000		0.068000	200
874	0.000000		0.068000	200
875	0.000000		0.068000	201
876	0.000000		0.068000	201
877	0.000000		0.068000	201
878	0.000000		0.068000	201
879	0.000000		0.068000	201
880	0.000000		0.068000	202
881	0.000000		0.068000	202
882	0.000000		0.068000	202
883	0.000000		0.068000	202
884	0.000000		0.068000	203
885	0.000000		0.068000	203
886	0.000000		0.068000	203
887	0.000000		0.068000	203
888	0.000000		0.068000	204
889	0.000000		0.068000	204
890	0.000000		0.068000	204
891	0.000000		0.068000	204
892	0.000000		0.068000	204
893	0.000000		0.072000	205
894	0.000000		0.068000	205
895	0.000000		0.072000	205
896	0.000000		0.068000	205
897	0.000000		0.072000	206
898	0.000000		0.072000	206
899	0.000000		0.072000	206
900	0.000000		0.072000	206
901	0.000000		0.072000	207
902	0.000000		0.068000	207
903	0.000000		0.068000	207
904	0.000000		0.068000	207
905	0.000000		0.072000	207
906	0.000000		0.068000	208
907	0.000000		0.072000	208
908	0.000000		0.068000	208
909	0.000000		0.072000	208
910	0.000000		0.068000	209
911	0.000000		0.072000	209
912	0.000000		0.068000	209
913	0.000000		0.072000	209
914	0.000000		0.068000	209
915	0.000000		0.072000	210
916	0.000000		0.068000	210
917	0.000000		0.072000	210
918	0.000000		0.068000	210
919	0.000000		0.072000	211
920	0.000000		0.068000	211
921	0.000000		0.072000	211
922	0.000000		0.068000	211
923	0.000000		0.072000	212
924	0.000000		0.068000	212
925	0.000000		0.072000	212
926	0.000000		0.068000	212
927	0.000000		0.068000	212
928	0.000000		0.068000	213
929	0.000000		0.068000	213
930	0.000000		0.068000	213
931	0.000000		0.068000	213
932	0.000000		0.068000	214
933	0.000000		0.068000	214
934	0.000000		0.068000	214
935	0.000000		0.068000	214
936	0.000000		0.068000	215
937	0.000000		0.068000	215
938	0.000000		0.068000	215
939	0.000000		0.068000	215
940	0.000000		0.068000	215
941	0.000000		0.068000	216
942	0.000000		0.068000	216
943	0.000000		0.068000	216
944	0.000000		0.068000	216
945	0.000000		0.068000	217
946	0.000000		0.068000	217
947	0.000000		0.068000	217
948	0.000000		0.068000	217
949	0.000000		0.068000	217
950	0.000000		0.068000	218
951	0.000000		0.068000	218
952	0.000000		0.068000	218
953	0.000000		0.068000	218
954	0.000000		0.068000	219
955	0.000000		0.068000	219
956	0.000000		0.068000	219
957	0.000000		0.068000	219
958	0.000000		0.068000	220
959	0.000000		0.068000	220
960	0.000000		0.068000	220
961	0.000000		0.068000	220
962	0.000000		0.068000	220
963	0.000000		0.068000	221
964	0.000000		0.068000	221
965	0.000000		0.068000	221
966	0.000000		0.068000	221
967	0.000000		0.068000	222
968	0.000000		0.068000	222
969	0.000000		0.068000	222
970	0.000000		0.068000	222
971	0.000000		0.068000	223
972	0.000000		0.072000	223
973	0.000000		0.068000	223
974	0.000000		0.072000	223
975	0.000000		0.068000	223
976	0.000000		0.072000	224
977	0.000000		0.068000	224
978	0.000000		0.072000	224
979	0.000000		0.068000	224
980	0.000000		0.072000	225
981	0.000000		0.068000	225
982	0.000000		0.068000	225
983	0.000000		0.072000	225
984	0.000000		0.072000	225
985	0.000000		0.072000	226
986	0.000000		0.076000	226
987	0.000000		0.068000	226
988	0.000000		0.072000	226
989	0.000000		0.068000	227
990	0.000000		0.072000	227
991	0.000000		0.068000	227
992	0.000000		0.072000	227
993	0.000000		0.068000	228
994	0.000000		0.072000	228
995	0.000000		0.068000	228
996	0.000000		0.072000	228
997	0.000000		0.068000	228
998	0.000000		0.068000	229
999	0.000000		0.068000	229
1000	0.000000		0.072000	229
1001	0.000000		0.068000	229
1002	0.000000		0.072000	230
1003	0.000000		0.068000	230
1004	0.000000		0.072000	230
1005	0.000000		0.068000	230
1006	0.000000		0.072000	231
1007	0.000000		0.068000	231
1008	0.000000		0.068000	231
1009	0.000000		0.068000	231
1010	0.000000		0.068000	231
1011	0.000000		0.068000	232
1012	0.000000		0.072000	232
1013	0.000000		0.068000	232
1014	0.000000		0.072000	232
1015	0.000000		0.068000	233
1016	0.000000		0.072000	233
1017	0.000000		0.068000	233
1018	0.000000		0.072000	233
1019	0.000000		0.068000	233
1020	0.000000		0.072000	234
1021	0.000000		0.068000	234
1022	0.000000		0.072000	234
1023	0.000000		0.068000	234
1024	0.000000		0.068000	235
1025	0.000000		0.068000	235
1026	0.000000		0.072000	235
1027	0.000000		0.068000	235
1028	0.000000		0.068000	236
1029	0.000000		0.068000	236
1030	0.000000		0.068000	236
1031	0.000000		0.068000	236
1032	0.000000		0.068000	236
1033	0.000000		0.068000	237
1034	0.000000		0.068000	237
1035	0.000000		0.068000	237
1036	0.000000		0.068000	237
1037	0.000000		0.068000	238
1038	0.000000		0.068000	238
1039	0.000000		0.068000	238
1040	0.000000		0.068000	238
1041	0.000000		0.068000	239
1042	0.000000		0.068000	239
1043	0.000000		0.068000	239
1044	0.000000		0.068000	239
1045	0.000000		0.068000	239
1046	0.000000		0.068000	240
1047	0.000000		0.068000	240
1048	0.000000		0.068000	240
1049	0.000000		0.068000	240
1050	0.000000		0.068000	241
1051	0.000000		0.068000	241
1052	0.000000		0.068000	241
1053	0.000000		0.068000	241
1054	0.000000		0.068000	242
1055	0.000000		0.068000	242
1056	0.000000		0.068000	242
1057	0.000000		0.068000	242
1058	0.000000		0.068000	242
1059	0.000000		0.068000	243
1060	0.000000		0.068000	243
1061	0.000000		0.068000	243
1062	0.000000		0.068000	243
1063	0.000000		0.068000	244
1064	0.000000		0.068000	244
1065	0.000000		0.068000	244
1066	0.000000		0.068000	244
1067	0.000000		0.068000	244
1068	0.000000		0.068000	245
1069	0.000000		0.068000	245
1070	0.000000		0.068000	245
1071	0.000000		0.068000	245
1072	0.000000		0.068000	246
1073	0.000000		0.068000	246
1074	0.000000		0.068000	246
1075	0.000000		0.068000	246
1076	0.000000		0.068000	247
1077	0.000000		0.068000	247
1078	0.000000		0.068000	247
1079	0.000000		0.068000	247
1080	0.000000		0.068000	247
1081	0.000000		0.068000	248
1082	0.000000		0.068000	248
1083	0.000000		0.068000	248
1084	0.000000		0.068000	248
1085	0.000000		0.068000	249
1086	0.000000		0.068000	249
1087	0.000000		0.068000	249
1088	0.000000		0.068000	249
1089	0.000000		0.068000	250
1090	0.000000		0.068000	250
1091	0.000000		0.068000	250
1092	0.000000		0.068000	250
1093	0.000000		0.068000	250
1094	0.000000		0.068000	251
1095	0.000000		0.068000	251
1096	0.000000		0.068000	251
1097	0.000000		0.068000	251
1098	0.000000		0.068000	252
1099	0.000000		0.068000	252
1100	0.000000		0.068000	252
1101	0.000000		0.068000	252
1102	0.000000		0.068000	252
1103	0.000000		0.068000	253
1104	0.000000		0.068000	253
1105	0.000000		0.068000	253
1106	0.000000		0.068000	253
1107	0.000000		0.068000	254
1108	0.000000		0.068000	254
1109	0.000000		0.068000	254
1110	0.000000		0.068000	254
1111	0.000000		0.068000	255
1112	0.000000		0.068000	255
1113	0.000000		0.068000	255
1114	0.000000		0.068000	255
1115	0.000000		0.068000	255
1116	0.000000		0.068000	256
1117	0.000000		0.068000	256
1118	0.000000		0.068000	256
1119	0.000000		0.068000	256
1120	0.000000		0.068000	257
1121	0.000000		0.068000	257
1122	0.000000		0.068000	257
1123	0.000000		0.068000	257
1124	0.000000		0.068000	258
1125	0.000000		0.068000	258
1126	0.000000		0.068000	258
1127	0.000000		0.068000	258
1128	0.000000		0.068000	258
1129	0.000000		0.068000	259
1130	0.000000		0.068000	259
1131	0.000000		0.068000	259
1132	0.000000		0.068000	259
1133	0.000000		0.068000	260
1134	0.000000		0.068000	260
1135	0.000000		0.068000	260
1136	0.000000		0.068000	260
1137	0.000000		0.068000	260
1138	0.000000		0.068000	261
1139	0.000000		0.068000	261
1140	0.000000		0.068000	261
1141	0.000000		0.068000	261
1142	0.000000		0.068000	262
1143	0.000000		0.068000	262
1144	0.000000		0.068000	262
1145	0.000000		0.068000	262
1146	0.000000		0.068000	263
1147	0.000000		0.068000	263
1148	0.000000		0.068000	263
1149	0.000000		0.068000	263
1150	0.000000		0.068000	263
1151	0.000000		0.068000	264
1152	0.000000		0.068000	264
1153	0.000000		0.068000	264
1154	0.000000		0.068000	264
1155	0.000000		0.068000	265
1156	0.000000		0.068000	265
1157	0.000000		0.068000	265
1158	0.000000		0.068000	265
1159	0.000000		0.068000	265
1160	0.000000		0.072000	266
1161	0.000000		0.068000	266
1162	0.000000		0.072000	266
1163	0.000000		0.072000	266
1164	0.000000		0.072000	267
1165	0.000000		0.072000	267
1166	0.000000		0.072000	267
1167	0.000000		0.072000	267
1168	0.000000		0.072000	268
1169	0.000000		0.072000	268
1170	0.000000		0.072000	268
1171	0.000000		0.072000	268
1172	0.000000		0.072000	268
1173	0.000000		0.072000	269
1174	0.000000		0.072000	269
1175	0.000000		0.072000	269
1176	0.000000		0.072000	269
1177	0.000000		0.072000	270
1178	0.000000		0.072000	270
1179	0.000000		0.072000	270
1180	0.000000		0.072000	270
1181	0.000000		0.072000	271
1182	0.000000		0.072000	271
1183	0.000000		0.072000	271
1184	0.000000		0.072000	271
1185	0.000000		0.072000	271
1186	0.000000		0.072000	272
1187	0.000000		0.068000	272
1188	0.000000		0.072000	272
1189	0.000000		0.072000	272
1190	0.000000		0.072000	273
1191	0.000000		0.072000	273
1192	0.000000		0.072000	273
1193	0.000000		0.072000	273
1194	0.000000		0.072000	274
1195	0.000000		0.068000	274
1196	0.000000		0.072000	274
1197	0.000000		0.072000	274
1198	0.000000		0.072000	274
1199	0.000000		0.072000	275
1200	0.000000		0.072000	275
1201	0.000000		0.072000	275
1202	0.000000		0.072000	275
1203	0.000000		0.072000	276
1204	0.000000		0.072000	276
1205	0.000000		0.072000	276
1206	0.000000		0.072000	276
1207	0.000000		0.072000	276
1208	0.000000		0.072000	277
1209	0.000000		0.072000	277
1210	0.000000		0.072000	277
1211	0.000000		0.072000	277
1212	0.000000		0.072000	278
1213	0.000000		0.072000	278
1214	0.000000		0.072000	278
1215	0.000000		0.068000	278
1216	0.000000		0.068000	279
1217	0.000000		0.072000	279
1218	0.000000		0.072000	279
1219	0.000000		0.068000	279
1220	0.000000		0.072000	279
1221	0.000000		0.068000	280
1222	0.000000		0.072000	280
1223	0.000000		0.072000	280
1224	0.000000		0.072000	280
1225	0.000000		0.072000	281
1226	0.000000		0.072000	281
1227	0.000000		0.072000	281
1228	0.000000		0.072000	281
1229	0.000000		0.072000	282
1230	0.000000		0.072000	282
1231	0.000000		0.072000	282
1232	0.000000		0.072000	282
1233	0.000000		0.072000	282
1234	0.000000		0.072000	283
1235	0.000000		0.072000	283
1236	0.000000		0.072000	283
1237	0.000000		0.068000	283
1238	0.000000		0.072000	284
1239	0.000000		0.068000	284
1240	0.000000		0.072000	284
1241	0.000000		0.072000	284
1242	0.000000		0.072000	284
1243	0.000000		0.072000	285
1244	0.000000		0.072000	285
1245	0.000000		0.072000	285
1246	0.000000		0.072000	285
1247	0.000000		0.072000	286
1248	0.000000		0.068000	286
1249	0.000000		0.072000	286
1250	0.000000		0.068000	286
1251	0.000000		0.072000	287
1252	0.000000		0.068000	287
1253	0.000000		0.072000	287
1254	0.000000		0.068000	287
1255	0.000000		0.072000	287
1256	0.000000		0.068000	288
1257	0.000000		0.072000	288
1258	0.000000		0.068000	288
1259	0.000000		0.072000	288
1260	0.000000		0.068000	289
1261	0.000000		0.072000	289
1262	0.000000		0.068000	289
1263	0.000000		0.072000	289
1264	0.000000		0.068000	290
1265	0.000000		0.072000	290
1266	0.000000		0.068000	290
1267	0.000000		0.068000	290
1268	0.000000		0.068000	290
1269	0.000000		0.068000	291
1270	0.000000		0.068000	291
1271	0.000000		0.068000	291
1272	0.000000		0.068000	291
1273	0.000000		0.068000	292
1274	0.000000		0.068000	292
1275	0.000000		0.068000	292
1276	0.000000		0.068000	292
1277	0.000000		0.068000	292
1278	0.000000		0.068000	293
1279	0.000000		0.068000	293
1280	0.000000		0.068000	293
1281	0.000000		0.068000	293
1282	0.000000		0.068000	294
1283	0.000000		0.068000	294
1284	0.000000		0.068000	294
1285	0.000000		0.068000	294
1286	0.000000		0.068000	295
1287	0.000000		0.068000	295
1288	0.000000		0.068000	295
1289	0.000000		0.068000	295
1290	0.000000		0.068000	295
1291	0.000000		0.068000	296
1292	0.000000		0.068000	296
1293	0.000000		0.068000	296
1294	0.000000		0.068000	296
1295	0.000000		0.068000	297
1296	0.000000		0.068000	297
1297	0.000000		0.068000	297
1298	0.000000		0.068000	297
1299	0.000000		0.068000	298
1300	0.000000		0.068000	298
1301	0.000000		0.068000	298
1302	0.000000		0.068000	298
1303	0.000000		0.068000	298
1304	0.000000		0.068000	299
1305	0.000000		0.068000	299
1306	0.000000		0.068000	299
1307	0.000000		0.068000	299
1308	0.000000		0.068000	300
1309	0.000000		0.068000	300
1310	0.000000		0.068000	300
1311	0.000000		0.068000	300
1312	0.000000		0.068000	300
1313	0.000000		0.068000	301
1314	0.000000		0.068000	301
1315	0.000000		0.068000	301
1316	0.000000		0.068000	301
1317	0.000000		0.068000	302
1318	0.000000		0.068000	302
1319	0.000000		0.068000	302
1320	0.000000		0.068000	302
1321	0.000000		0.068000	303
1322	0.000000		0.068000	303
1323	0.000000		0.068000	303
1324	0.000000		0.068000	303
1325	0.000000		0.068000	303
1326	0.000000		0.068000	304
1327	0.000000		0.068000	304
1328	0.000000		0.068000	304
1329	0.000000		0.068000	304
1330	0.000000		0.068000	305
1331	0.000000		0.068000	305
1332	0.000000		0.068000	305
1333	0.000000		0.068000	305
1334	0.000000		0.068000	306
1335	0.000000		0.068000	306
1336	0.000000		0.068000	306
1337	0.000000		0.068000	306
1338	0.000000		0.068000	306
1339	0.000000		0.068000	307
1340	0.000000		0.068000	307
1341	0.000000		0.068000	307
1342	0.000000		0.068000	307
1343	0.000000		0.068000	308
1344	0.000000		0.068000	308
1345	0.000000		0.068000	308
1346	0.000000		0.068000	308
1347	0.000000		0.068000	308
1348	0.000000		0.068000	309
1349	0.000000		0.068000	309
1350	0.000000		0.068000	309
1351	0.000000		0.068000	309
1352	0.000000		0.068000	310
1353	0.000000		0.068000	310
1354	0.000000		0.068000	310
1355	0.000000		0.068000	310
1356	0.000000		0.068000	311
1357	0.000000		0.068000	311
1358	0.000000		0.068000	311
1359	0.000000		0.068000	311
1360	0.000000		0.068000	311
1361	0.000000		0.068000	312
1362	0.000000		0.068000	312
1363	0.000000		0.068000	312
1364	0.000000		0.068000	312
1365	0.000000		0.068000	313
1366	0.000000		0.068000	313
1367	0.000000		0.068000	313
1368	0.000000		0.072000	313
1369	0.000000		0.068000	314
1370	0.000000		0.072000	314
1371	0.000000		0.068000	314
1372	0.000000		0.068000	314
1373	0.000000		0.068000	314
1374	0.000000		0.072000	315
1375	0.000000		0.068000	315
1376	0.000000		0.068000	315
1377	0.000000		0.068000	315
1378	0.000000		0.068000	316
1379	0.000000		0.068000	316
1380	0.000000		0.068000	316
1381	0.000000		0.068000	316
1382	0.000000		0.068000	316
1383	0.000000		0.068000	317
1384	0.000000		0.072000	317
1385	0.000000		0.072000	317
1386	0.000000		0.072000	317
1387	0.000000		0.072000	318
1388	0.000000		0.072000	318
1389	0.000000		0.072000	318
1390	0.000000		0.072000	318
1391	0.000000		0.072000	319
1392	0.000000		0.072000	319
1393	0.000000		0.072000	319
1394	0.000000		0.072000	319
1395	0.000000		0.072000	319
1396	0.000000		0.072000	320
1397	0.000000		0.072000	320
1398	0.000000		0.072000	320
1399	0.000000		0.068000	320
1400	0.000000		0.072000	321
1401	0.000000		0.068000	321
1402	0.000000		0.072000	321
1403	0.000000		0.068000	321
1404	0.000000		0.072000	322
1405	0.000000		0.068000	322
1406	0.000000		0.072000	322
1407	0.000000		0.068000	322
1408	0.000000		0.072000	322
1409	0.000000		0.068000	323
1410	0.000000		0.072000	323
1411	0.000000		0.068000	323
1412	0.000000		0.072000	323
1413	0.000000		0.068000	324
1414	0.000000		0.072000	324
1415	0.000000		0.068000	324
1416	0.000000		0.072000	324
1417	0.000000		0.068000	324
1418	0.000000		0.072000	325
1419	0.000000		0.068000	325
1420	0.000000		0.068000	325
1421	0.000000		0.068000	325
1422	0.000000		0.068000	326
1423	0.000000		0.068000	326
1424	0.000000		0.072000	326
1425	0.000000		0.068000	326
1426	0.000000		0.072000	327
1427	0.000000		0.068000	327
1428	0.000000		0.072000	327
1429	0.000000		0.068000	327
1430	0.000000		0.068000	327
1431	0.000000		0.068000	328
1432	0.000000		0.068000	328
1433	0.000000		0.068000	328
1434	0.000000		0.068000	328
1435	0.000000		0.068000	329
1436	0.000000		0.068000	329
1437	0.000000		0.068000	329
1438	0.000000		0.068000	329
1439	0.000000		0.068000	330
1440	0.000000		0.068000	330
1441	0.000000		0.068000	330
1442	0.000000		0.068000	330
1443	0.000000		0.068000	330
1444	0.000000		0.068000	331
1445	0.000000		0.068000	331
1446	0.000000		0.068000	331
1447	0.000000		0.068000	331
1448	0.000000		0.068000	332
1449	0.000000		0.068000	332
1450	0.000000		0.068000	332
1451	0.000000		0.068000	332
1452	0.000000		0.068000	333
1453	0.000000		0.068000	333
1454	0.000000		0.068000	333
1455	0.000000		0.068000	333
1456	0.000000		0.068000	333
1457	0.000000		0.068000	334
1458	0.000000		0.068000	334
1459	0.000000		0.068000	334
1460	0.000000		0.068000	334
1461	0.000000		0.068000	335
1462	0.000000		0.068000	335
1463	0.000000		0.068000	335
1464	0.000000		0.068000	335
1465	0.000000		0.068000	335
1466	0.000000		0.068000	336
1467	0.000000		0.068000	336
1468	0.000000		0.068000	336
1469	0.000000		0.068000	336
1470	0.000000		0.068000	337
1471	0.000000		0.068000	337
1472	0.000000		0.068000	337
1473	0.000000		0.068000	337
1474	0.000000		0.068000	338
1475	0.000000		0.068000	338
1476	0.000000		0.068000	338
1477	0.000000		0.068000	338
1478	0.000000		0.068000	338
1479	0.000000		0.068000	339
1480	0.000000		0.068000	339
1481	0.000000		0.068000	339
1482	0.000000		0.068000	339
1483	0.000000		0.068000	340
1484	0.000000		0.068000	340
1485	0.000000		0.068000	340
1486	0.000000		0.068000	340
1487	0.000000		0.068000	341
1488	0.000000		0.068000	341
1489	0.000000		0.068000	341
1490	0.000000		0.068000	341
1491	0.000000		0.068000	341
1492	0.000000		0.068000	342
1493	0.000000		0.068000	342
1494	0.000000		0.068000	342
1495	0.000000		0.068000	342
1496	0.000000		0.068000	343
1497	0.000000		0.068000	343
1498	0.000000		0.072000	343
1499	0.000000		0.072000	343
1500	0.000000		0.072000	343
1501	0.000000		0.072000	344
1502	0.000000		0.072000	344
1503	0.000000		0.072000	344
1504	0.000000		0.072000	344
1505	0.000000		0.072000	345
1506	0.000000		0.072000	345
1507	0.000000		0.072000	345
1508	0.000000		0.072000	345
1509	0.000000		0.072000	346
1510	0.000000		0.072000	346
1511	0.000000		0.072000	346
1512	0.000000		0.072000	346
1513	0.000000		0.072000	346
1514	0.000000		0.072000	347
1515	0.000000		0.072000	347
1516	0.000000		0.072000	347
1517	0.000000		0.072000	347
1518	0.000000		0.072000	348
1519	0.000000		0.072000	348
1520	0.000000		0.072000	348
1521	0.000000		0.072000	348
1522	0.000000		0.072000	348
1523	0.000000		0.072000	349
1524	0.000000		0.072000	349
1525	0.000000		0.072000	349
1526	0.000000		0.072000	349
1527	0.000000		0.072000	350
1528	0.000000		0.072000	350
1529	0.000000		0.072000	350
1530	0.000000		0.072000	350
1531	0.000000		0.072000	351
1532	0.000000		0.072000	351
1533	0.000000		0.072000	351
1534	0.000000		0.072000	351
1535	0.000000		0.072000	351
1536	0.000000		0.072000	352
1537	0.000000		0.068000	352
1538	0.000000		0.072000	352
1539	0.000000		0.072000	352
1540	0.000000		0.072000	353
1541	0.000000		0.072000	353
1542	0.000000		0.072000	353
1543	0.000000		0.072000	353
1544	0.000000		0.072000	354
1545	0.000000		0.068000	354
1546	0.000000		0.072000	354
1547	0.000000		0.072000	354
1548	0.000000		0.072000	354
1549	0.000000		0.072000	355
1550	0.000000		0.072000	355
1551	0.000000		0.072000	355
1552	0.000000		0.072000	355
1553	0.000000		0.072000	356
1554	0.000000		0.072000	356
1555	0.000000		0.072000	356
1556	0.000000		0.072000	356
1557	0.000000		0.072000	356
1558	0.000000		0.072000	357
1559	0.000000		0.072000	357
1560	0.000000		0.072000	357
1561	0.000000		0.072000	357
1562	0.000000		0.072000	358
1563	0.000000		0.072000	358
1564	0.000000		0.072000	358
1565	0.000000		0.072000	358
1566	0.000000		0.072000	359
1567	0.000000		0.072000	359
1568	0.000000		0.072000	359
1569	0.000000		0.072000	359
1570	0.000000		0.072000	359
1571	0.000000		0.072000	360
1572	0.000000		0.072000	360
1573	0.000000		0.072000	360
1574	0.000000		0.072000	360
1575	0.000000		0.072000	361
1576	0.000000		0.072000	361
1577	0.000000		0.072000	361
1578	0.000000		0.072000	361
1579	0.000000		0.072000	362
1580	0.000000		0.072000	362
1581	0.000000		0.072000	362
1582	0.000000		0.072000	362
1583	0.000000		0.072000	362
1584	0.000000		0.072000	363
1585	0.000000		0.072000	363
1586	0.000000		0.072000	363
1587	0.000000		0.072000	363
1588	0.000000		0.072000	364
1589	0.000000		0.072000	364
1590	0.000000		0.072000	364
1591	0.000000		0.072000	364
1592	0.000000		0.072000	364
1593	0.000000		0.072000	365
1594	0.000000		0.072000	365
1595	0.000000		0.072000	365
1596	0.000000		0.072000	365
1597	0.000000		0.072000	366
1598	0.000000		0.072000	366
1599	0.000000		0.072000	366
1600	0.000000		0.072000	366
1601	0.000000		0.072000	367
1602	0.000000		0.072000	367
1603	0.000000		0.072000	367
1604	0.000000		0.072000	367
1605	0.000000		0.072000	367
1606	0.000000		0.072000	368
1607	0.000000		0.072000	368
1608	0.000000		0.072000	368
1609	0.000000		0.072000	368
1610	0.000000		0.068000	369
1611	0.000000		0.072000	369
1612	0.000000		0.068000	369
1613	0.000000		0.068000	369
1614	0.000000		0.072000	370
1615	0.000000		0.068000	370
1616	0.000000		0.072000	370
1617	0.000000		0.068000	370
1618	0.000000		0.068000	370
1619	0.000000		0.068000	371
1620	0.000000		0.068000	371
1621	0.000000		0.068000	371
1622	0.000000		0.068000	371
1623	0.000000		0.068000	372
1624	0.000000		0.068000	372
1625	0.000000		0.068000	372
1626	0.000000		0.068000	372
1627	0.000000		0.068000	372
1628	0.000000		0.068000	373
1629	0.000000		0.068000	373
1630	0.000000		0.068000	373
1631	0.000000		0.068000	373
1632	0.000000		0.068000	374
1633	0.000000		0.068000	374
1634	0.000000		0.072000	374
1635	0.000000		0.072000	374
1636	0.000000		0.072000	375
1637	0.000000		0.072000	375
1638	0.000000		0.072000	375
1639	0.000000		0.072000	375
1640	0.000000		0.072000	375
1641	0.000000		0.072000	376
1642	0.000000		0.072000	376
1643	0.000000		0.072000	376
1644	0.000000		0.072000	376
1645	0.000000		0.072000	377
1646	0.000000		0.072000	377
1647	0.000000		0.072000	377
1648	0.000000		0.072000	377
1649	0.000000		0.072000	378
1650	0.000000		0.072000	378
1651	0.000000		0.072000	378
1652	0.000000		0.072000	378
1653	0.000000		0.072000	378
1654	0.000000		0.072000	379
1655	0.000000		0.072000	379
1656	0.000000		0.072000	379
1657	0.000000		0.072000	379
1658	0.000000		0.072000	380
1659	0.000000		0.072000	380
1660	0.000000		0.072000	380
1661	0.000000		0.072000	380
1662	0.000000		0.072000	380
1663	0.000000		0.072000	381
1664	0.000000		0.072000	381
1665	0.000000		0.072000	381
1666	0.000000		0.072000	381
1667	0.000000		0.072000	382
1668	0.000000		0.072000	382
1669	0.000000		0.072000	382
1670	0.000000		0.072000	382
1671	0.000000		0.072000	383
1672	0.000000		0.072000	383
1673	0.000000		0.072000	383
1674	0.000000		0.072000	383
1675	0.000000		0.072000	383
1676	0.000000		0.072000	384
1677	0.000000		0.072000	384
1678	0.000000		0.072000	384
1679	0.000000		0.072000	384
1680	0.000000		0.072000	385
1681	0.000000		0.072000	385
1682	0.000000		0.072000	385
1683	0.000000		0.072000	385
1684	0.000000		0.072000	386
1685	0.000000		0.072000	386
1686	0.000000		0.072000	386
1687	0.000000		0.072000	386
1688	0.000000		0.072000	386
1689	0.000000		0.072000	387
1690	0.000000		0.072000	387
1691	0.000000		0.072000	387
1692	0.000000		0.072000	387
1693	0.000000		0.072000	388
1694	0.000000		0.072000	388
1695	0.000000		0.072000	388
1696	0.000000		0.072000	388
1697	0.000000		0.072000	388
1698	0.000000		0.072000	389
1699	0.000000		0.072000	389
1700	0.000000		0.072000	389
1701	0.000000		0.072000	389
1702	0.000000		0.072000	390
1703	0.000000		0.072000	390
1704	0.000000		0.072000	390
1705	0.000000		0.072000	390
1706	0.000000		0.072000	391
1707	0.000000		0.072000	391
1708	0.000000		0.072000	391
1709	0.000000		0.072000	391
1710	0.000000		0.072000	391
1711	0.000000		0.072000	392
1712	0.000000		0.072000	392
1713	0.000000		0.072000	392
1714	0.000000		0.072000	392
1715	0.000000		0.072000	393
1716	0.000000		0.072000	393
1717	0.000000		0.072000	393
1718	0.000000		0.072000	393
1719	0.000000		0.072000	394
1720	0.000000		0.072000	394
1721	0.000000		0.072000	394
1722	0.000000		0.072000	394
1723	0.000000		0.072000	394
1724	0.000000		0.072000	395
1725	0.000000		0.072000	395
1726	0.000000		0.072000	395
1727	0.000000		0.072000	395
1728	0.000000		0.072000	396
1729	0.000000		0.072000	396
1730	0.000000		0.072000	396
1731	0.000000		0.072000	396
1732	0.000000		0.072000	396
1733	0.000000		0.072000	397
1734	0.000000		0.072000	397
1735	0.000000		0.072000	397
1736	0.000000		0.072000	397
1737	0.000000		0.072000	398
1738	0.000000		0.072000	398
1739	0.000000		0.072000	398
1740	0.000000		0.072000	398
1741	0.000000		0.072000	399
1742	0.000000		0.072000	399
1743	0.000000		0.072000	399
1744	0.000000		0.072000	399
1745	0.000000		0.072000	399
1746	0.000000		0.072000	400
1747	0.000000		0.072000	400
1748	0.000000		0.072000	400
1749	0.000000		0.072000	400
1750	0.000000		0.072000	401
1751	0.000000		0.072000	401
1752	0.000000		0.072000	401
1753	0.000000		0.072000	401
1754	0.000000		0.072000	402
1755	0.000000		0.072000	402
1756	0.000000		0.072000	402
1757	0.000000		0.072000	402
1758	0.000000		0.072000	402
1759	0.000000		0.072000	403
1760	0.000000		0.072000	403
1761	0.000000		0.072000	403
1762	0.000000		0.072000	403
1763	0.000000		0.072000	404
1764	0.000000		0.072000	404
1765	0.000000		0.072000	404
1766	0.000000		0.072000	404
1767	0.000000		0.072000	404
1768	0.000000		0.072000	405
1769	0.000000		0.072000	405
1770	0.000000		0.072000	405
1771	0.000000		0.072000	405
1772	0.000000		0.072000	406
1773	0.000000		0.072000	406
1774	0.000000		0.072000	406
1775	0.000000		0.072000	406
1776	0.000000		0.072000	407
1777	0.000000		0.072000	407
1778	0.000000		0.072000	407
1779	0.000000		0.072000	407
1780	0.000000		0.072000	407
1781	0.000000		0.072000	408
1782	0.000000		0.072000	408
1783	0.000000		0.072000	408
1784	0.000000		0.072000	408
1785	0.000000		0.072000	409
1786	0.000000		0.072000	409
1787	0.000000		0.072000	409
1788	0.000000		0.072000	409
1789	0.000000		0.072000	410
1790	0.000000		0.072000	410
1791	0.000000		0.072000	410
1792	0.000000		0.072000	410
1793	0.000000		0.072000	410
1794	0.000000		0.072000	411
1795	0.000000		0.072000	411
1796	0.000000		0.072000	411
1797	0.000000		0.072000	411
1798	0.000000		0.072000	412
1799	0.000000		0.072000	412
1800	0.000000		0.072000	412
1801	0.000000		0.072000	412
1802	0.000000		0.072000	412
1803	0.000000		0.072000	413
1804	0.000000		0.072000	413
1805	0.000000		0.072000	413
1806	0.000000		0.072000	413
1807	0.000000		0.072000	414
1808	0.000000		0.072000	414
1809	0.000000		0.072000	414
1810	0.000000		0.072000	414
1811	0.000000		0.072000	415
1812	0.000000		0.072000	415
1813	0.000000		0.072000	415
1814	0.000000		0.072000	415
1815	0.000000		0.072000	415
1816	0.000000		0.072000	416
1817	0.000000		0.072000	416
1818	0.000000		0.072000	416
1819	0.000000		0.072000	416
1820	0.000000		0.072000	417
1821	0.000000		0.072000	417
1822	0.000000		0.072000	417
1823	0.000000		0.072000	417
1824	0.000000		0.072000	418
1825	0.000000		0.072000	418
1826	0.000000		0.072000	418
1827	0.000000		0.072000	418
1828	0.000000		0.072000	418
1829	0.000000		0.072000	419
1830	0.000000		0.072000	419
1831	0.000000		0.072000	419
1832	0.000000		0.072000	419
1833	0.000000		0.072000	420
1834	0.000000		0.072000	420
1835	0.000000		0.072000	420
1836	0.000000		0.072000	420
1837	0.000000		0.072000	420
1838	0.000000		0.072000	421
1839	0.000000		0.072000	421
1840	0.000000		0.072000	421
1841	0.000000		0.072000	421
1842	0.000000		0.072000	422
1843	0.000000		0.072000	422
1844	0.000000		0.072000	422
1845	0.000000		0.072000	422
1846	0.000000		0.072000	423
1847	0.000000		0.072000	423
1848	0.000000		0.072000	423
1849	0.000000		0.072000	423
1850	0.000000		0.072000	423
1851	0.000000		0.072000	424
1852	0.000000		0.072000	424
1853	0.000000		0.072000	424
1854	0.000000		0.072000	424
1855	0.000000		0.072000	425
1856	0.000000		0.072000	425
1857	0.000000		0.072000	425
1858	0.000000		0.072000	425
1859	0.000000		0.072000	426
1860	0.000000		0.072000	426
1861	0.000000		0.072000	426
1862	0.000000		0.072000	426
1863	0.000000		0.072000	426
1864	0.000000		0.068000	427
1865	0.000000		0.068000	427
1866	0.000000		0.068000	427
1867	0.000000		0.068000	427
1868	0.000000		0.068000	428
1869	0.000000		0.072000	428
1870	0.000000		0.072000	428
1871	0.000000		0.072000	428
1872	0.000000		0.072000	428
1873	0.000000		0.072000	429
1874	0.000000		0.068000	429
1875	0.000000		0.072000	429
1876	0.000000		0.068000	429
1877	0.000000		0.072000	430
1878	0.000000		0.072000	430
1879	0.000000		0.072000	430
1880	0.000000		0.072000	430
1881	0.000000		0.072000	431
1882	0.000000		0.072000	431
1883	0.000000		0.072000	431
1884	0.000000		0.068000	431
1885	0.000000		0.072000	431
1886	0.000000		0.072000	432
1887	0.000000		0.068000	432
1888	0.000000		0.068000	432
1889	0.000000		0.068000	432
1890	0.000000		0.068000	433
1891	0.000000		0.072000	433
1892	0.000000		0.072000	433
1893	0.000000		0.072000	433
1894	0.000000		0.072000	434
1895	0.000000		0.072000	434
1896	0.000000		0.072000	434
1897	0.000000		0.072000	434
1898	0.000000		0.072000	434
1899	0.000000		0.072000	435
1900	0.000000		0.072000	435
1901	0.000000		0.072000	435
1902	0.000000		0.072000	435
1903	0.000000		0.072000	436
1904	0.000000		0.072000	436
1905	0.000000		0.072000	436
1906	0.000000		0.072000	436
1907	0.000000		0.072000	436
1908	0.000000		0.072000	437
1909	0.000000		0.072000	437
1910	0.000000		0.072000	437
1911	0.000000		0.072000	437
1912	0.000000		0.072000	438
1913	0.000000		0.072000	438
1914	0.000000		0.072000	438
1915	0.000000		0.072000	438
1916	0.000000		0.072000	439
1917	0.000000		0.072000	439
1918	0.000000		0.072000	439
1919	0.000000		0.072000	439
1920	0.000000		0.072000	439
1921	0.000000		0.072000	440
1922	0.000000		0.072000	440
1923	0.000000		0.072000	440
1924	0.000000		0.072000	440
1925	0.000000		0.072000	441
1926	0.000000		0.072000	441
1927	0.000000		0.072000	441
1928	0.000000		0.072000	441
1929	0.000000		0.072000	442
1930	0.000000		0.072000	442
1931	0.000000		0.072000	442
1932	0.000000		0.072000	442
1933	0.000000		0.068000	442
1934	0.000000		0.072000	443
1935	0.000000		0.072000	443
1936	0.000000		0.072000	443
1937	0.000000		0.072000	443
1938	0.000000		0.072000	444
1939	0.000000		0.072000	444
1940	0.000000		0.072000	444
1941	0.000000		0.072000	444
1942	0.000000		0.072000	444
1943	0.000000		0.072000	445
1944	0.000000		0.072000	445
1945	0.000000		0.072000	445
1946	0.000000		0.072000	445
1947	0.000000		0.072000	446
1948	0.000000		0.072000	446
1949	0.000000		0.072000	446
1950	0.000000		0.072000	446
1951	0.000000		0.072000	447
1952	0.000000		0.072000	447
1953	0.000000		0.072000	447
1954	0.000000		0.072000	447
1955	0.000000		0.072000	447
1956	0.000000		0.072000	448
1957	0.000000		0.072000	448
1958	0.000000		0.072000	448
1959	0.000000		0.072000	448
1960	0.000000		0.072000	449
1961	0.000000		0.072000	449
1962	0.000000		0.072000	449
1963	0.000000		0.072000	449
1964	0.000000		0.072000	450
1965	0.000000		0.072000	450
1966	0.000000		0.072000	450
1967	0.000000		0.072000	450
1968	0.000000		0.072000	450
1969	0.000000		0.072000	451
1970	0.000000		0.072000	451
1971	0.000000		0.072000	451
1972	0.000000		0.072000	451
1973	0.000000		0.072000	452
1974	0.000000		0.072000	452
1975	0.000000		0.072000	452
1976	0.000000		0.072000	452
1977	0.000000		0.068000	452
1978	0.000000		0.072000	453
1979	0.000000		0.068000	453
1980	0.000000		0.072000	453
1981	0.000000		0.072000	453
1982	0.000000		0.072000	454
1983	0.000000		0.068000	454
1984	0.000000		0.072000	454
1985	0.000000		0.068000	454
1986	0.000000		0.072000	455
1987	0.000000		0.072000	455
1988	0.000000		0.072000	455
1989	0.000000		0.072000	455
1990	0.000000		0.072000	455
1991	0.000000		0.072000	456
1992	0.000000		0.072000	456
1993	0.000000		0.072000	456
1994	0.000000		0.068000	456
1995	0.000000		0.072000	457
1996	0.000000		0.068000	457
1997	0.000000		0.072000	457
1998	0.000000		0.072000	457
1999	0.000000		0.072000	458
2000	0.000000		0.068000	458
