0	0.300444		0.288000	0
1	0.064444		0.052000	1
2	0.064444		0.052000	1
3	0.064444		0.052000	1
4	0.064444		0.052000	1
5	0.064444		0.052000	1
6	0.064444		0.052000	2
7	0.064444		0.052000	2
8	0.064889		0.052000	2
9	0.064444		0.052000	2
10	0.064444		0.052000	3
11	0.064000		0.052000	3
12	0.064444		0.052000	3
13	0.064000		0.052000	3
14	0.064000		0.052000	4
15	0.064000		0.052000	4
16	0.064444		0.052000	4
17	0.064000		0.052000	4
18	0.064000		0.052000	4
19	0.064444		0.052000	5
20	0.064000		0.052000	5
21	0.064444		0.052000	5
22	0.064000		0.052000	5
23	0.064000		0.052000	6
24	0.064444		0.052000	6
25	0.063556		0.052000	6
26	0.061778		0.052000	6
27	0.063556		0.052000	7
28	0.062222		0.052000	7
29	0.063556		0.052000	7
30	0.064000		0.052000	7
31	0.063111		0.048000	7
32	0.061778		0.052000	8
33	0.063556		0.048000	8
34	0.061333		0.048000	8
35	0.061778		0.048000	8
36	0.059111		0.048000	9
37	0.061778		0.048000	9
38	0.060889		0.048000	9
39	0.061778		0.048000	9
40	0.061333		0.048000	9
41	0.061333		0.048000	10
42	0.059556		0.048000	10
43	0.059556		0.048000	10
44	0.060000		0.052000	10
45	0.059556		0.048000	11
46	0.060889		0.052000	11
47	0.060000		0.048000	11
48	0.060444		0.052000	11
49	0.060000		0.048000	12
50	0.060000		0.052000	12
51	0.060000		0.048000	12
52	0.060000		0.052000	12
53	0.061333		0.048000	12
54	0.060889		0.048000	13
55	0.060889		0.048000	13
56	0.060889		0.048000	13
57	0.060889		0.048000	13
58	0.061333		0.048000	14
59	0.059111		0.048000	14
60	0.060444		0.048000	14
61	0.058667		0.048000	14
62	0.060000		0.048000	15
63	0.058222		0.048000	15
64	0.060000		0.052000	15
65	0.058667		0.048000	15
66	0.060000		0.052000	15
67	0.059111		0.052000	16
68	0.057333		0.048000	16
69	0.057778		0.052000	16
70	0.056889		0.048000	16
71	0.058222		0.048000	17
72	0.056000		0.048000	17
73	0.057778		0.048000	17
74	0.056000		0.048000	17
75	0.057333		0.048000	17
76	0.055556		0.048000	18
77	0.054667		0.048000	18
78	0.055556		0.048000	18
79	0.055111		0.048000	18
80	0.055556		0.048000	19
81	0.054667		0.048000	19
82	0.056000		0.048000	19
83	0.055556		0.048000	19
84	0.055556		0.052000	20
85	0.054667		0.052000	20
86	0.054222		0.056000	20
87	0.054222		0.052000	20
88	0.053333		0.056000	20
89	0.053778		0.052000	21
90	0.052889		0.056000	21
91	0.054222		0.052000	21
92	0.052889		0.056000	21
93	0.053778		0.052000	22
94	0.053333		0.056000	22
95	0.054667		0.052000	22
96	0.053333		0.056000	22
97	0.054667		0.052000	23
98	0.053333		0.056000	23
99	0.054667		0.052000	23
100	0.053333		0.056000	23
101	0.053333		0.052000	23
102	0.053333		0.056000	24
103	0.053333		0.052000	24
104	0.053333		0.056000	24
105	0.054222		0.052000	24
106	0.053333		0.056000	25
107	0.054667		0.052000	25
108	0.054222		0.056000	25
109	0.052889		0.056000	25
110	0.053778		0.056000	25
111	0.052889		0.056000	26
112	0.054667		0.056000	26
113	0.052889		0.056000	26
114	0.052889		0.056000	26
115	0.052889		0.052000	27
116	0.051556		0.056000	27
117	0.052444		0.052000	27
118	0.052000		0.056000	27
119	0.050222		0.060000	28
120	0.049778		0.056000	28
121	0.049778		0.060000	28
122	0.048000		0.056000	28
123	0.049333		0.060000	28
124	0.048000		0.056000	29
125	0.049333		0.060000	29
126	0.048000		0.056000	29
127	0.048889		0.060000	29
128	0.047556		0.056000	30
129	0.048000		0.060000	30
130	0.047111		0.056000	30
131	0.048444		0.056000	30
132	0.046667		0.056000	31
133	0.048444		0.056000	31
134	0.047111		0.056000	31
135	0.048444		0.056000	31
136	0.046222		0.056000	31
137	0.048444		0.056000	32
138	0.045778		0.056000	32
139	0.048444		0.060000	32
140	0.047556		0.056000	32
141	0.049333		0.060000	33
142	0.047556		0.056000	33
143	0.049333		0.060000	33
144	0.047111		0.056000	33
145	0.049333		0.056000	33
146	0.046222		0.056000	34
147	0.048889		0.060000	34
148	0.046667		0.056000	34
149	0.048889		0.056000	34
150	0.047556		0.056000	35
151	0.048444		0.056000	35
152	0.046667		0.056000	35
153	0.048444		0.056000	35
154	0.046222		0.056000	36
155	0.049333		0.056000	36
156	0.044889		0.056000	36
157	0.048444		0.056000	36
158	0.045333		0.056000	36
159	0.048000		0.056000	37
160	0.046222		0.056000	37
161	0.048444		0.056000	37
162	0.045778		0.056000	37
163	0.048000		0.056000	38
164	0.044444		0.056000	38
165	0.047111		0.060000	38
166	0.044000		0.060000	38
167	0.045333		0.060000	39
168	0.043111		0.056000	39
169	0.045333		0.060000	39
170	0.044000		0.056000	39
171	0.044889		0.056000	39
172	0.043556		0.056000	40
173	0.044000		0.056000	40
174	0.043556		0.056000	40
175	0.042222		0.056000	40
176	0.042667		0.056000	41
177	0.041778		0.056000	41
178	0.042222		0.056000	41
179	0.040889		0.056000	41
180	0.041778		0.056000	41
181	0.040000		0.056000	42
182	0.041333		0.056000	42
183	0.039556		0.056000	42
184	0.041333		0.056000	42
185	0.039556		0.056000	43
186	0.040889		0.056000	43
187	0.040444		0.056000	43
188	0.040889		0.056000	43
189	0.040000		0.056000	44
190	0.040000		0.056000	44
191	0.041333		0.056000	44
192	0.038222		0.060000	44
193	0.039556		0.056000	44
194	0.038667		0.060000	45
195	0.039556		0.056000	45
196	0.036889		0.060000	45
197	0.038667		0.060000	45
198	0.038222		0.060000	46
199	0.038222		0.060000	46
200	0.038222		0.060000	46
201	0.036889		0.056000	46
202	0.038222		0.056000	47
203	0.036444		0.056000	47
204	0.036000		0.060000	47
205	0.036000		0.056000	47
206	0.037778		0.056000	47
207	0.035556		0.056000	48
208	0.036889		0.056000	48
209	0.036000		0.056000	48
210	0.035556		0.056000	48
211	0.036444		0.056000	49
212	0.035556		0.056000	49
213	0.036000		0.056000	49
214	0.034667		0.060000	49
215	0.035556		0.060000	49
216	0.036444		0.060000	50
217	0.036000		0.056000	50
218	0.035556		0.060000	50
219	0.036000		0.056000	50
220	0.035111		0.060000	51
221	0.036444		0.056000	51
222	0.035111		0.060000	51
223	0.036000		0.056000	51
224	0.035556		0.060000	52
225	0.036444		0.056000	52
226	0.034667		0.060000	52
227	0.033778		0.056000	52
228	0.036444		0.060000	52
229	0.033778		0.056000	53
230	0.034667		0.060000	53
231	0.033333		0.056000	53
232	0.034222		0.064000	53
233	0.033333		0.056000	54
234	0.035111		0.060000	54
235	0.032444		0.064000	54
236	0.034667		0.064000	54
237	0.033778		0.068000	55
238	0.033333		0.064000	55
239	0.032000		0.068000	55
240	0.031556		0.068000	55
241	0.032000		0.068000	55
242	0.032444		0.072000	56
243	0.032000		0.068000	56
244	0.033333		0.072000	56
245	0.032000		0.068000	56
246	0.033333		0.076000	57
247	0.032000		0.068000	57
248	0.030667		0.076000	57
249	0.030667		0.072000	57
250	0.029778		0.076000	57
251	0.032000		0.072000	58
252	0.028889		0.076000	58
253	0.031556		0.068000	58
254	0.028444		0.076000	58
255	0.030222		0.072000	59
256	0.028889		0.076000	59
257	0.029778		0.072000	59
258	0.029333		0.072000	59
259	0.029778		0.072000	60
260	0.028889		0.072000	60
261	0.029778		0.072000	60
262	0.030667		0.072000	60
263	0.029333		0.068000	60
264	0.031111		0.068000	61
265	0.031111		0.068000	61
266	0.031556		0.068000	61
267	0.031111		0.064000	61
268	0.030667		0.068000	62
269	0.030667		0.064000	62
270	0.030222		0.068000	62
271	0.030667		0.064000	62
272	0.028889		0.068000	63
273	0.029333		0.064000	63
274	0.029333		0.068000	63
275	0.028889		0.064000	63
276	0.027556		0.068000	63
277	0.029778		0.064000	64
278	0.026222		0.068000	64
279	0.028889		0.072000	64
280	0.026667		0.068000	64
281	0.028889		0.072000	65
282	0.026222		0.068000	65
283	0.028889		0.072000	65
284	0.025778		0.068000	65
285	0.027111		0.068000	65
286	0.023556		0.072000	66
287	0.027111		0.068000	66
288	0.023111		0.072000	66
289	0.027111		0.068000	66
290	0.023556		0.072000	67
291	0.026222		0.068000	67
292	0.024444		0.072000	67
293	0.024889		0.068000	67
294	0.024444		0.068000	68
295	0.025333		0.064000	68
296	0.023556		0.068000	68
297	0.026667		0.064000	68
298	0.023556		0.068000	68
299	0.026222		0.064000	69
300	0.023556		0.068000	69
301	0.026222		0.068000	69
302	0.022667		0.076000	69
303	0.025778		0.072000	70
304	0.022667		0.076000	70
305	0.025333		0.072000	70
306	0.022222		0.076000	70
307	0.025778		0.072000	71
308	0.021778		0.076000	71
309	0.026667		0.072000	71
310	0.021333		0.072000	71
311	0.027111		0.072000	71
312	0.020444		0.076000	72
313	0.026222		0.076000	72
314	0.020444		0.076000	72
315	0.025333		0.076000	72
316	0.020444		0.076000	73
317	0.023556		0.076000	73
318	0.020000		0.076000	73
319	0.024444		0.076000	73
320	0.020000		0.076000	73
321	0.022667		0.076000	74
322	0.019111		0.076000	74
323	0.021333		0.076000	74
324	0.018667		0.076000	74
325	0.018222		0.076000	75
326	0.021778		0.072000	75
327	0.017333		0.076000	75
328	0.022667		0.072000	75
329	0.019556		0.068000	76
330	0.020000		0.076000	76
331	0.018222		0.072000	76
332	0.020889		0.076000	76
333	0.018222		0.072000	76
334	0.020444		0.076000	77
335	0.019111		0.072000	77
336	0.019111		0.076000	77
337	0.019556		0.072000	77
338	0.017778		0.076000	78
339	0.019556		0.072000	78
340	0.017778		0.076000	78
341	0.019556		0.072000	78
342	0.016889		0.076000	79
343	0.020000		0.080000	79
344	0.017333		0.076000	79
345	0.020000		0.080000	79
346	0.017333		0.080000	79
347	0.018222		0.076000	80
348	0.016444		0.072000	80
349	0.019111		0.072000	80
350	0.016889		0.072000	80
351	0.017778		0.072000	81
352	0.016889		0.072000	81
353	0.018667		0.072000	81
354	0.017333		0.072000	81
355	0.018667		0.072000	81
356	0.017333		0.072000	82
357	0.018222		0.072000	82
358	0.017333		0.072000	82
359	0.017778		0.072000	82
360	0.017333		0.068000	83
361	0.016444		0.072000	83
362	0.017333		0.068000	83
363	0.016444		0.072000	83
364	0.016444		0.068000	84
365	0.017333		0.068000	84
366	0.016444		0.072000	84
367	0.015556		0.072000	84
368	0.017333		0.072000	84
369	0.014667		0.072000	85
370	0.016889		0.072000	85
371	0.015111		0.072000	85
372	0.016889		0.072000	85
373	0.014667		0.072000	86
374	0.016000		0.072000	86
375	0.015111		0.068000	86
376	0.012889		0.072000	86
377	0.014667		0.072000	87
378	0.012000		0.072000	87
379	0.013778		0.072000	87
380	0.012000		0.072000	87
381	0.012889		0.072000	87
382	0.012000		0.072000	88
383	0.013333		0.072000	88
384	0.011556		0.072000	88
385	0.012889		0.072000	88
386	0.010667		0.072000	89
387	0.012444		0.072000	89
388	0.014222		0.068000	89
389	0.011556		0.072000	89
390	0.016000		0.068000	89
391	0.011556		0.072000	90
392	0.016000		0.068000	90
393	0.011111		0.072000	90
394	0.016000		0.068000	90
395	0.011111		0.072000	91
396	0.010222		0.072000	91
397	0.013333		0.068000	91
398	0.012000		0.072000	91
399	0.012444		0.068000	92
400	0.008889		0.068000	92
401	0.011556		0.068000	92
402	0.008444		0.068000	92
403	0.011111		0.068000	92
404	0.008444		0.068000	93
405	0.011556		0.068000	93
406	0.008889		0.068000	93
407	0.011111		0.068000	93
408	0.010667		0.068000	94
409	0.010667		0.068000	94
410	0.010222		0.068000	94
411	0.009778		0.068000	94
412	0.010667		0.068000	95
413	0.010667		0.068000	95
414	0.010222		0.068000	95
415	0.010222		0.068000	95
416	0.009778		0.068000	95
417	0.009778		0.068000	96
418	0.009333		0.068000	96
419	0.008000		0.068000	96
420	0.008000		0.068000	96
421	0.008444		0.068000	97
422	0.007556		0.068000	97
423	0.009778		0.068000	97
424	0.007111		0.068000	97
425	0.008889		0.068000	97
426	0.008000		0.068000	98
427	0.008444		0.072000	98
428	0.007111		0.068000	98
429	0.009333		0.072000	98
430	0.006667		0.068000	99
431	0.009778		0.072000	99
432	0.006667		0.068000	99
433	0.009778		0.072000	99
434	0.006667		0.068000	100
435	0.009778		0.072000	100
436	0.006667		0.076000	100
437	0.009333		0.072000	100
438	0.008000		0.072000	100
439	0.007556		0.076000	101
440	0.007111		0.072000	101
441	0.008000		0.072000	101
442	0.006667		0.076000	101
443	0.008000		0.076000	102
444	0.006222		0.076000	102
445	0.008000		0.076000	102
446	0.006222		0.076000	102
447	0.007556		0.076000	103
448	0.006222		0.076000	103
449	0.007111		0.076000	103
450	0.006222		0.076000	103
451	0.007111		0.076000	103
452	0.005778		0.076000	104
453	0.006667		0.076000	104
454	0.005333		0.076000	104
455	0.005333		0.080000	104
456	0.004000		0.076000	105
457	0.005778		0.076000	105
458	0.004444		0.076000	105
459	0.005778		0.076000	105
460	0.004000		0.076000	105
461	0.005333		0.076000	106
462	0.004000		0.076000	106
463	0.004889		0.076000	106
464	0.004000		0.076000	106
465	0.004444		0.076000	107
466	0.004000		0.076000	107
467	0.004000		0.076000	107
468	0.004889		0.076000	107
469	0.003556		0.080000	108
470	0.005333		0.076000	108
471	0.003556		0.080000	108
472	0.004889		0.076000	108
473	0.003556		0.080000	108
474	0.003111		0.080000	109
475	0.003556		0.080000	109
476	0.003111		0.080000	109
477	0.003556		0.080000	109
478	0.003111		0.080000	110
479	0.003111		0.080000	110
480	0.003556		0.080000	110
481	0.003111		0.080000	110
482	0.004889		0.080000	111
483	0.003111		0.076000	111
484	0.004444		0.080000	111
485	0.003111		0.080000	111
486	0.004444		0.080000	111
487	0.003111		0.080000	112
488	0.004444		0.080000	112
489	0.003111		0.076000	112
490	0.004000		0.080000	112
491	0.003556		0.076000	113
492	0.004000		0.080000	113
493	0.003111		0.076000	113
494	0.004000		0.080000	113
495	0.003111		0.076000	113
496	0.004444		0.080000	114
497	0.004000		0.076000	114
498	0.003556		0.080000	114
499	0.003556		0.076000	114
500	0.003111		0.080000	115
501	0.003556		0.076000	115
502	0.003111		0.080000	115
503	0.003556		0.076000	115
504	0.003111		0.076000	116
505	0.003556		0.072000	116
506	0.003111		0.076000	116
507	0.003111		0.076000	116
508	0.003556		0.076000	116
509	0.002667		0.076000	117
510	0.003556		0.072000	117
511	0.002667		0.076000	117
512	0.003556		0.072000	117
513	0.003111		0.076000	118
514	0.003556		0.072000	118
515	0.002222		0.076000	118
516	0.003556		0.076000	118
517	0.002222		0.076000	119
518	0.003556		0.076000	119
519	0.002222		0.076000	119
520	0.003556		0.076000	119
521	0.002222		0.080000	119
522	0.003556		0.076000	120
523	0.002222		0.080000	120
524	0.003556		0.076000	120
525	0.002667		0.080000	120
526	0.003556		0.076000	121
527	0.002222		0.080000	121
528	0.003556		0.076000	121
529	0.002222		0.076000	121
530	0.002667		0.072000	122
531	0.002222		0.072000	122
532	0.002222		0.072000	122
533	0.002222		0.072000	122
534	0.002222		0.072000	122
535	0.002222		0.076000	123
536	0.002222		0.076000	123
537	0.001778		0.076000	123
538	0.002222		0.076000	123
539	0.001778		0.076000	124
540	0.002667		0.076000	124
541	0.001778		0.076000	124
542	0.003111		0.076000	124
543	0.001778		0.076000	124
544	0.002667		0.076000	125
545	0.001778		0.076000	125
546	0.002667		0.076000	125
547	0.001778		0.076000	125
548	0.002667		0.076000	126
549	0.001778		0.076000	126
550	0.002667		0.076000	126
551	0.001778		0.076000	126
552	0.001333		0.076000	127
553	0.001778		0.076000	127
554	0.001333		0.076000	127
555	0.001778		0.076000	127
556	0.001333		0.076000	127
557	0.002222		0.076000	128
558	0.001333		0.076000	128
559	0.002222		0.076000	128
560	0.001778		0.076000	128
561	0.001778		0.076000	129
562	0.001778		0.072000	129
563	0.001778		0.072000	129
564	0.002222		0.072000	129
565	0.001778		0.072000	130
566	0.002222		0.072000	130
567	0.001778		0.072000	130
568	0.002222		0.072000	130
569	0.001778		0.072000	130
570	0.001778		0.072000	131
571	0.001778		0.072000	131
572	0.001333		0.072000	131
573	0.001778		0.072000	131
574	0.001333		0.072000	132
575	0.001778		0.072000	132
576	0.001333		0.072000	132
577	0.001778		0.072000	132
578	0.001333		0.072000	132
579	0.001778		0.072000	133
580	0.001333		0.072000	133
581	0.001778		0.072000	133
582	0.001333		0.072000	133
583	0.001778		0.072000	134
584	0.000889		0.072000	134
585	0.001778		0.072000	134
586	0.001333		0.072000	134
587	0.001778		0.076000	135
588	0.001333		0.072000	135
589	0.001778		0.072000	135
590	0.001333		0.072000	135
591	0.001778		0.072000	135
592	0.001333		0.072000	136
593	0.001778		0.072000	136
594	0.001333		0.072000	136
595	0.001778		0.072000	136
596	0.001333		0.072000	137
597	0.001778		0.072000	137
598	0.001333		0.072000	137
599	0.001778		0.072000	137
600	0.000889		0.072000	138
601	0.001333		0.072000	138
602	0.001333		0.072000	138
603	0.000889		0.072000	138
604	0.000889		0.072000	138
605	0.001333		0.072000	139
606	0.001333		0.072000	139
607	0.000889		0.076000	139
608	0.000889		0.072000	139
609	0.000889		0.076000	140
610	0.000889		0.072000	140
611	0.000889		0.076000	140
612	0.000889		0.072000	140
613	0.000889		0.076000	140
614	0.000889		0.076000	141
615	0.000889		0.076000	141
616	0.000889		0.076000	141
617	0.000889		0.076000	141
618	0.000889		0.076000	142
619	0.000889		0.076000	142
620	0.000444		0.076000	142
621	0.000444		0.076000	142
622	0.001333		0.076000	143
623	0.000444		0.076000	143
624	0.000000		0.076000	143
625	0.000444		0.076000	143
626	0.000000		0.076000	143
627	0.000444		0.076000	144
628	0.000000		0.076000	144
629	0.000444		0.080000	144
630	0.000000		0.080000	144
631	0.000444		0.080000	145
632	0.000000		0.080000	145
633	0.000000		0.080000	145
634	0.000000		0.080000	145
635	0.000000		0.080000	146
636	0.000000		0.080000	146
637	0.000000		0.080000	146
638	0.000000		0.080000	146
639	0.000000		0.080000	146
640	0.000000		0.076000	147
641	0.000000		0.076000	147
642	0.000000		0.080000	147
643	0.000000		0.076000	147
644	0.000000		0.080000	148
645	0.000000		0.076000	148
646	0.000000		0.080000	148
647	0.000000		0.076000	148
648	0.000000		0.080000	148
649	0.000000		0.076000	149
650	0.000000		0.080000	149
651	0.000000		0.076000	149
652	0.000000		0.080000	149
653	0.000000		0.076000	150
654	0.000000		0.080000	150
655	0.000000		0.076000	150
656	0.000000		0.080000	150
657	0.000000		0.076000	151
658	0.000000		0.076000	151
659	0.000000		0.076000	151
660	0.000000		0.076000	151
661	0.000000		0.076000	151
662	0.000000		0.080000	152
663	0.000000		0.080000	152
664	0.000000		0.080000	152
665	0.000000		0.080000	152
666	0.000000		0.080000	153
667	0.000000		0.080000	153
668	0.000000		0.080000	153
669	0.000000		0.080000	153
670	0.000000		0.080000	154
671	0.000000		0.080000	154
672	0.000000		0.080000	154
673	0.000000		0.076000	154
674	0.000000		0.080000	154
675	0.000000		0.076000	155
676	0.000000		0.080000	155
677	0.000000		0.076000	155
678	0.000000		0.080000	155
679	0.000000		0.080000	156
680	0.000000		0.080000	156
681	0.000000		0.076000	156
682	0.000000		0.080000	156
683	0.000000		0.076000	156
684	0.000000		0.080000	157
685	0.000000		0.076000	157
686	0.000000		0.080000	157
687	0.000000		0.076000	157
688	0.000000		0.080000	158
689	0.000000		0.076000	158
690	0.000000		0.080000	158
691	0.000000		0.076000	158
692	0.000000		0.080000	159
693	0.000000		0.076000	159
694	0.000000		0.080000	159
695	0.000000		0.076000	159
696	0.000000		0.080000	159
697	0.000000		0.076000	160
698	0.000000		0.080000	160
699	0.000000		0.076000	160
700	0.000000		0.080000	160
701	0.000000		0.076000	161
702	0.000000		0.080000	161
703	0.000000		0.076000	161
704	0.000000		0.080000	161
705	0.000000		0.080000	162
706	0.000000		0.080000	162
707	0.000000		0.076000	162
708	0.000000		0.076000	162
709	0.000000		0.076000	162
710	0.000000		0.076000	163
711	0.000000		0.076000	163
712	0.000000		0.080000	163
713	0.000000		0.080000	163
714	0.000000		0.080000	164
715	0.000000		0.080000	164
716	0.000000		0.080000	164
717	0.000000		0.080000	164
718	0.000000		0.080000	164
719	0.000000		0.080000	165
720	0.000000		0.080000	165
721	0.000000		0.080000	165
722	0.000000		0.080000	165
723	0.000000		0.076000	166
724	0.000000		0.080000	166
725	0.000000		0.076000	166
726	0.000000		0.080000	166
727	0.000000		0.076000	167
728	0.000000		0.080000	167
729	0.000000		0.076000	167
730	0.000000		0.080000	167
731	0.000000		0.076000	167
732	0.000000		0.076000	168
733	0.000000		0.076000	168
734	0.000000		0.076000	168
735	0.000000		0.076000	168
736	0.000000		0.076000	169
737	0.000000		0.076000	169
738	0.000000		0.076000	169
739	0.000000		0.076000	169
740	0.000000		0.076000	170
741	0.000000		0.076000	170
742	0.000000		0.076000	170
743	0.000000		0.076000	170
744	0.000000		0.076000	170
745	0.000000		0.076000	171
746	0.000000		0.076000	171
747	0.000000		0.076000	171
748	0.000000		0.076000	171
749	0.000000		0.076000	172
750	0.000000		0.076000	172
751	0.000000		0.076000	172
752	0.000000		0.076000	172
753	0.000000		0.076000	172
754	0.000000		0.076000	173
755	0.000000		0.076000	173
756	0.000000		0.076000	173
757	0.000000		0.076000	173
758	0.000000		0.076000	174
759	0.000000		0.076000	174
760	0.000000		0.076000	174
761	0.000000		0.076000	174
762	0.000000		0.076000	175
763	0.000000		0.076000	175
764	0.000000		0.076000	175
765	0.000000		0.076000	175
766	0.000000		0.076000	175
767	0.000000		0.076000	176
768	0.000000		0.076000	176
769	0.000000		0.076000	176
770	0.000000		0.076000	176
771	0.000000		0.076000	177
772	0.000000		0.076000	177
773	0.000000		0.076000	177
774	0.000000		0.076000	177
775	0.000000		0.076000	178
776	0.000000		0.076000	178
777	0.000000		0.076000	178
778	0.000000		0.076000	178
779	0.000000		0.076000	178
780	0.000000		0.076000	179
781	0.000000		0.076000	179
782	0.000000		0.076000	179
783	0.000000		0.076000	179
784	0.000000		0.076000	180
785	0.000000		0.076000	180
786	0.000000		0.076000	180
787	0.000000		0.076000	180
788	0.000000		0.076000	180
789	0.000000		0.076000	181
790	0.000000		0.076000	181
791	0.000000		0.076000	181
792	0.000000		0.076000	181
793	0.000000		0.076000	182
794	0.000000		0.076000	182
795	0.000000		0.076000	182
796	0.000000		0.076000	182
797	0.000000		0.076000	183
798	0.000000		0.076000	183
799	0.000000		0.076000	183
800	0.000000		0.076000	183
801	0.000000		0.076000	183
802	0.000000		0.076000	184
803	0.000000		0.076000	184
804	0.000000		0.076000	184
805	0.000000		0.076000	184
806	0.000000		0.076000	185
807	0.000000		0.076000	185
808	0.000000		0.076000	185
809	0.000000		0.076000	185
810	0.000000		0.076000	186
811	0.000000		0.076000	186
812	0.000000		0.076000	186
813	0.000000		0.076000	186
814	0.000000		0.076000	186
815	0.000000		0.076000	187
816	0.000000		0.076000	187
817	0.000000		0.076000	187
818	0.000000		0.076000	187
819	0.000000		0.076000	188
820	0.000000		0.076000	188
821	0.000000		0.076000	188
822	0.000000		0.076000	188
823	0.000000		0.076000	189
824	0.000000		0.076000	189
825	0.000000		0.076000	189
826	0.000000		0.076000	189
827	0.000000		0.076000	189
828	0.000000		0.076000	190
829	0.000000		0.076000	190
830	0.000000		0.076000	190
831	0.000000		0.076000	190
832	0.000000		0.076000	191
833	0.000000		0.076000	191
834	0.000000		0.076000	191
835	0.000000		0.076000	191
836	0.000000		0.076000	191
837	0.000000		0.076000	192
838	0.000000		0.076000	192
839	0.000000		0.076000	192
840	0.000000		0.076000	192
841	0.000000		0.076000	193
842	0.000000		0.076000	193
843	0.000000		0.076000	193
844	0.000000		0.076000	193
845	0.000000		0.080000	194
846	0.000000		0.080000	194
847	0.000000		0.080000	194
848	0.000000		0.080000	194
849	0.000000		0.080000	194
850	0.000000		0.080000	195
851	0.000000		0.080000	195
852	0.000000		0.080000	195
853	0.000000		0.080000	195
854	0.000000		0.080000	196
855	0.000000		0.080000	196
856	0.000000		0.080000	196
857	0.000000		0.080000	196
858	0.000000		0.080000	197
859	0.000000		0.080000	197
860	0.000000		0.080000	197
861	0.000000		0.080000	197
862	0.000000		0.080000	197
863	0.000000		0.080000	198
864	0.000000		0.080000	198
865	0.000000		0.080000	198
866	0.000000		0.080000	198
867	0.000000		0.080000	199
868	0.000000		0.080000	199
869	0.000000		0.080000	199
870	0.000000		0.080000	199
871	0.000000		0.080000	199
872	0.000000		0.080000	200
873	0.000000		0.080000	200
874	0.000000		0.080000	200
875	0.000000		0.080000	200
876	0.000000		0.080000	201
877	0.000000		0.080000	201
878	0.000000		0.080000	201
879	0.000000		0.080000	201
880	0.000000		0.080000	202
881	0.000000		0.080000	202
882	0.000000		0.080000	202
883	0.000000		0.080000	202
884	0.000000		0.080000	202
885	0.000000		0.080000	203
886	0.000000		0.080000	203
887	0.000000		0.080000	203
888	0.000000		0.080000	203
889	0.000000		0.080000	204
890	0.000000		0.080000	204
891	0.000000		0.080000	204
892	0.000000		0.080000	204
893	0.000000		0.080000	205
894	0.000000		0.080000	205
895	0.000000		0.080000	205
896	0.000000		0.080000	205
897	0.000000		0.080000	205
898	0.000000		0.080000	206
899	0.000000		0.080000	206
900	0.000000		0.080000	206
901	0.000000		0.080000	206
902	0.000000		0.080000	207
903	0.000000		0.080000	207
904	0.000000		0.080000	207
905	0.000000		0.080000	207
906	0.000000		0.080000	207
907	0.000000		0.080000	208
908	0.000000		0.080000	208
909	0.000000		0.080000	208
910	0.000000		0.080000	208
911	0.000000		0.080000	209
912	0.000000		0.080000	209
913	0.000000		0.080000	209
914	0.000000		0.080000	209
915	0.000000		0.080000	210
916	0.000000		0.080000	210
917	0.000000		0.080000	210
918	0.000000		0.080000	210
919	0.000000		0.080000	210
920	0.000000		0.080000	211
921	0.000000		0.080000	211
922	0.000000		0.080000	211
923	0.000000		0.080000	211
924	0.000000		0.080000	212
925	0.000000		0.080000	212
926	0.000000		0.080000	212
927	0.000000		0.080000	212
928	0.000000		0.080000	213
929	0.000000		0.080000	213
930	0.000000		0.080000	213
931	0.000000		0.080000	213
932	0.000000		0.080000	213
933	0.000000		0.080000	214
934	0.000000		0.080000	214
935	0.000000		0.080000	214
936	0.000000		0.080000	214
937	0.000000		0.080000	215
938	0.000000		0.080000	215
939	0.000000		0.080000	215
940	0.000000		0.080000	215
941	0.000000		0.080000	215
942	0.000000		0.080000	216
943	0.000000		0.080000	216
944	0.000000		0.080000	216
945	0.000000		0.080000	216
946	0.000000		0.080000	217
947	0.000000		0.080000	217
948	0.000000		0.080000	217
949	0.000000		0.080000	217
950	0.000000		0.080000	218
951	0.000000		0.080000	218
952	0.000000		0.084000	218
953	0.000000		0.084000	218
954	0.000000		0.084000	218
955	0.000000		0.084000	219
956	0.000000		0.084000	219
957	0.000000		0.084000	219
958	0.000000		0.084000	219
959	0.000000		0.084000	220
960	0.000000		0.084000	220
961	0.000000		0.084000	220
962	0.000000		0.084000	220
963	0.000000		0.084000	221
964	0.000000		0.084000	221
965	0.000000		0.084000	221
966	0.000000		0.084000	221
967	0.000000		0.084000	221
968	0.000000		0.084000	222
969	0.000000		0.084000	222
970	0.000000		0.084000	222
971	0.000000		0.084000	222
972	0.000000		0.084000	223
973	0.000000		0.084000	223
974	0.000000		0.084000	223
975	0.000000		0.084000	223
976	0.000000		0.084000	223
977	0.000000		0.084000	224
978	0.000000		0.084000	224
979	0.000000		0.084000	224
980	0.000000		0.084000	224
981	0.000000		0.084000	225
982	0.000000		0.084000	225
983	0.000000		0.084000	225
984	0.000000		0.084000	225
985	0.000000		0.084000	226
986	0.000000		0.084000	226
987	0.000000		0.084000	226
988	0.000000		0.084000	226
989	0.000000		0.084000	226
990	0.000000		0.084000	227
991	0.000000		0.084000	227
992	0.000000		0.084000	227
993	0.000000		0.084000	227
994	0.000000		0.084000	228
995	0.000000		0.084000	228
996	0.000000		0.084000	228
997	0.000000		0.084000	228
998	0.000000		0.084000	229
999	0.000000		0.084000	229
1000	0.000000		0.084000	229
1001	0.000000		0.084000	229
1002	0.000000		0.084000	229
1003	0.000000		0.084000	230
1004	0.000000		0.084000	230
1005	0.000000		0.084000	230
1006	0.000000		0.084000	230
1007	0.000000		0.084000	231
1008	0.000000		0.084000	231
1009	0.000000		0.084000	231
1010	0.000000		0.084000	231
1011	0.000000		0.084000	231
1012	0.000000		0.084000	232
1013	0.000000		0.084000	232
1014	0.000000		0.084000	232
1015	0.000000		0.084000	232
1016	0.000000		0.084000	233
1017	0.000000		0.084000	233
1018	0.000000		0.084000	233
1019	0.000000		0.084000	233
1020	0.000000		0.084000	234
1021	0.000000		0.084000	234
1022	0.000000		0.084000	234
1023	0.000000		0.084000	234
1024	0.000000		0.084000	234
1025	0.000000		0.084000	235
1026	0.000000		0.084000	235
1027	0.000000		0.084000	235
1028	0.000000		0.084000	235
1029	0.000000		0.084000	236
1030	0.000000		0.084000	236
1031	0.000000		0.084000	236
1032	0.000000		0.084000	236
1033	0.000000		0.084000	237
1034	0.000000		0.084000	237
1035	0.000000		0.084000	237
1036	0.000000		0.080000	237
1037	0.000000		0.084000	237
1038	0.000000		0.080000	238
1039	0.000000		0.080000	238
1040	0.000000		0.080000	238
1041	0.000000		0.080000	238
1042	0.000000		0.080000	239
1043	0.000000		0.080000	239
1044	0.000000		0.080000	239
1045	0.000000		0.080000	239
1046	0.000000		0.080000	239
1047	0.000000		0.080000	240
1048	0.000000		0.080000	240
1049	0.000000		0.080000	240
1050	0.000000		0.084000	240
1051	0.000000		0.080000	241
1052	0.000000		0.080000	241
1053	0.000000		0.080000	241
1054	0.000000		0.080000	241
1055	0.000000		0.080000	242
1056	0.000000		0.080000	242
1057	0.000000		0.080000	242
1058	0.000000		0.080000	242
1059	0.000000		0.080000	242
1060	0.000000		0.080000	243
1061	0.000000		0.080000	243
1062	0.000000		0.080000	243
1063	0.000000		0.080000	243
1064	0.000000		0.080000	244
1065	0.000000		0.080000	244
1066	0.000000		0.080000	244
1067	0.000000		0.080000	244
1068	0.000000		0.080000	245
1069	0.000000		0.080000	245
1070	0.000000		0.080000	245
1071	0.000000		0.080000	245
1072	0.000000		0.080000	245
1073	0.000000		0.080000	246
1074	0.000000		0.080000	246
1075	0.000000		0.080000	246
1076	0.000000		0.080000	246
1077	0.000000		0.080000	247
1078	0.000000		0.080000	247
1079	0.000000		0.080000	247
1080	0.000000		0.080000	247
1081	0.000000		0.080000	247
1082	0.000000		0.080000	248
1083	0.000000		0.080000	248
1084	0.000000		0.080000	248
1085	0.000000		0.080000	248
1086	0.000000		0.080000	249
1087	0.000000		0.084000	249
1088	0.000000		0.084000	249
1089	0.000000		0.084000	249
1090	0.000000		0.080000	250
1091	0.000000		0.084000	250
1092	0.000000		0.080000	250
1093	0.000000		0.084000	250
1094	0.000000		0.084000	250
1095	0.000000		0.084000	251
1096	0.000000		0.084000	251
1097	0.000000		0.084000	251
1098	0.000000		0.084000	251
1099	0.000000		0.084000	252
1100	0.000000		0.084000	252
1101	0.000000		0.084000	252
1102	0.000000		0.084000	252
1103	0.000000		0.084000	253
1104	0.000000		0.084000	253
1105	0.000000		0.084000	253
1106	0.000000		0.080000	253
1107	0.000000		0.080000	253
1108	0.000000		0.080000	254
1109	0.000000		0.080000	254
1110	0.000000		0.080000	254
1111	0.000000		0.080000	254
1112	0.000000		0.080000	255
1113	0.000000		0.084000	255
1114	0.000000		0.080000	255
1115	0.000000		0.080000	255
1116	0.000000		0.080000	255
1117	0.000000		0.080000	256
1118	0.000000		0.080000	256
1119	0.000000		0.080000	256
1120	0.000000		0.080000	256
1121	0.000000		0.080000	257
1122	0.000000		0.080000	257
1123	0.000000		0.080000	257
1124	0.000000		0.080000	257
1125	0.000000		0.080000	258
1126	0.000000		0.080000	258
1127	0.000000		0.080000	258
1128	0.000000		0.080000	258
1129	0.000000		0.080000	258
1130	0.000000		0.080000	259
1131	0.000000		0.080000	259
1132	0.000000		0.080000	259
1133	0.000000		0.080000	259
1134	0.000000		0.080000	260
1135	0.000000		0.080000	260
1136	0.000000		0.080000	260
1137	0.000000		0.080000	260
1138	0.000000		0.080000	261
1139	0.000000		0.080000	261
1140	0.000000		0.080000	261
1141	0.000000		0.080000	261
1142	0.000000		0.080000	261
1143	0.000000		0.080000	262
1144	0.000000		0.080000	262
1145	0.000000		0.084000	262
1146	0.000000		0.080000	262
1147	0.000000		0.080000	263
1148	0.000000		0.080000	263
1149	0.000000		0.080000	263
1150	0.000000		0.080000	263
1151	0.000000		0.084000	263
1152	0.000000		0.084000	264
1153	0.000000		0.084000	264
1154	0.000000		0.084000	264
1155	0.000000		0.084000	264
1156	0.000000		0.084000	265
1157	0.000000		0.084000	265
1158	0.000000		0.084000	265
1159	0.000000		0.084000	265
1160	0.000000		0.084000	266
1161	0.000000		0.084000	266
1162	0.000000		0.080000	266
1163	0.000000		0.084000	266
1164	0.000000		0.080000	266
1165	0.000000		0.080000	267
1166	0.000000		0.080000	267
1167	0.000000		0.080000	267
1168	0.000000		0.080000	267
1169	0.000000		0.080000	268
1170	0.000000		0.080000	268
1171	0.000000		0.080000	268
1172	0.000000		0.080000	268
1173	0.000000		0.080000	268
1174	0.000000		0.080000	269
1175	0.000000		0.080000	269
1176	0.000000		0.080000	269
1177	0.000000		0.080000	269
1178	0.000000		0.080000	270
1179	0.000000		0.080000	270
1180	0.000000		0.080000	270
1181	0.000000		0.080000	270
1182	0.000000		0.080000	271
1183	0.000000		0.080000	271
1184	0.000000		0.080000	271
1185	0.000000		0.080000	271
1186	0.000000		0.080000	271
1187	0.000000		0.080000	272
1188	0.000000		0.080000	272
1189	0.000000		0.080000	272
1190	0.000000		0.080000	272
1191	0.000000		0.080000	273
1192	0.000000		0.080000	273
1193	0.000000		0.080000	273
1194	0.000000		0.080000	273
1195	0.000000		0.084000	273
1196	0.000000		0.080000	274
1197	0.000000		0.084000	274
1198	0.000000		0.084000	274
1199	0.000000		0.084000	274
1200	0.000000		0.084000	275
1201	0.000000		0.084000	275
1202	0.000000		0.084000	275
1203	0.000000		0.084000	275
1204	0.000000		0.084000	276
1205	0.000000		0.084000	276
1206	0.000000		0.084000	276
1207	0.000000		0.084000	276
1208	0.000000		0.080000	276
1209	0.000000		0.084000	277
1210	0.000000		0.080000	277
1211	0.000000		0.080000	277
1212	0.000000		0.080000	277
1213	0.000000		0.080000	278
1214	0.000000		0.080000	278
1215	0.000000		0.080000	278
1216	0.000000		0.080000	278
1217	0.000000		0.080000	278
1218	0.000000		0.080000	279
1219	0.000000		0.080000	279
1220	0.000000		0.080000	279
1221	0.000000		0.080000	279
1222	0.000000		0.080000	280
1223	0.000000		0.080000	280
1224	0.000000		0.080000	280
1225	0.000000		0.080000	280
1226	0.000000		0.080000	281
1227	0.000000		0.080000	281
1228	0.000000		0.080000	281
1229	0.000000		0.080000	281
1230	0.000000		0.080000	281
1231	0.000000		0.084000	282
1232	0.000000		0.080000	282
1233	0.000000		0.084000	282
1234	0.000000		0.080000	282
1235	0.000000		0.084000	283
1236	0.000000		0.080000	283
1237	0.000000		0.084000	283
1238	0.000000		0.080000	283
1239	0.000000		0.084000	283
1240	0.000000		0.080000	284
1241	0.000000		0.084000	284
1242	0.000000		0.080000	284
1243	0.000000		0.084000	284
1244	0.000000		0.080000	285
1245	0.000000		0.084000	285
1246	0.000000		0.080000	285
1247	0.000000		0.084000	285
1248	0.000000		0.084000	286
1249	0.000000		0.084000	286
1250	0.000000		0.084000	286
1251	0.000000		0.084000	286
1252	0.000000		0.084000	286
1253	0.000000		0.084000	287
1254	0.000000		0.084000	287
1255	0.000000		0.084000	287
1256	0.000000		0.084000	287
1257	0.000000		0.084000	288
1258	0.000000		0.084000	288
1259	0.000000		0.084000	288
1260	0.000000		0.084000	288
1261	0.000000		0.084000	288
1262	0.000000		0.084000	289
1263	0.000000		0.084000	289
1264	0.000000		0.084000	289
1265	0.000000		0.084000	289
1266	0.000000		0.084000	290
1267	0.000000		0.084000	290
1268	0.000000		0.084000	290
1269	0.000000		0.084000	290
1270	0.000000		0.084000	291
1271	0.000000		0.084000	291
1272	0.000000		0.084000	291
1273	0.000000		0.084000	291
1274	0.000000		0.084000	291
1275	0.000000		0.084000	292
1276	0.000000		0.084000	292
1277	0.000000		0.084000	292
1278	0.000000		0.084000	292
1279	0.000000		0.084000	293
1280	0.000000		0.084000	293
1281	0.000000		0.084000	293
1282	0.000000		0.084000	293
1283	0.000000		0.084000	294
1284	0.000000		0.084000	294
1285	0.000000		0.084000	294
1286	0.000000		0.084000	294
1287	0.000000		0.084000	294
1288	0.000000		0.084000	295
1289	0.000000		0.084000	295
1290	0.000000		0.084000	295
1291	0.000000		0.084000	295
1292	0.000000		0.084000	296
1293	0.000000		0.084000	296
1294	0.000000		0.084000	296
1295	0.000000		0.084000	296
1296	0.000000		0.084000	296
1297	0.000000		0.084000	297
1298	0.000000		0.084000	297
1299	0.000000		0.084000	297
1300	0.000000		0.084000	297
1301	0.000000		0.084000	298
1302	0.000000		0.084000	298
1303	0.000000		0.084000	298
1304	0.000000		0.084000	298
1305	0.000000		0.084000	299
1306	0.000000		0.084000	299
1307	0.000000		0.084000	299
1308	0.000000		0.084000	299
1309	0.000000		0.084000	299
1310	0.000000		0.084000	300
1311	0.000000		0.084000	300
1312	0.000000		0.084000	300
1313	0.000000		0.084000	300
1314	0.000000		0.084000	301
1315	0.000000		0.084000	301
1316	0.000000		0.084000	301
1317	0.000000		0.084000	301
1318	0.000000		0.084000	301
1319	0.000000		0.084000	302
1320	0.000000		0.084000	302
1321	0.000000		0.084000	302
1322	0.000000		0.080000	302
1323	0.000000		0.080000	303
1324	0.000000		0.080000	303
1325	0.000000		0.084000	303
1326	0.000000		0.080000	303
1327	0.000000		0.084000	304
1328	0.000000		0.080000	304
1329	0.000000		0.084000	304
1330	0.000000		0.080000	304
1331	0.000000		0.084000	304
1332	0.000000		0.080000	305
1333	0.000000		0.080000	305
1334	0.000000		0.080000	305
1335	0.000000		0.084000	305
1336	0.000000		0.080000	306
1337	0.000000		0.084000	306
1338	0.000000		0.084000	306
1339	0.000000		0.084000	306
1340	0.000000		0.080000	306
1341	0.000000		0.084000	307
1342	0.000000		0.080000	307
1343	0.000000		0.084000	307
1344	0.000000		0.080000	307
1345	0.000000		0.084000	308
1346	0.000000		0.080000	308
1347	0.000000		0.084000	308
1348	0.000000		0.080000	308
1349	0.000000		0.084000	309
1350	0.000000		0.080000	309
1351	0.000000		0.084000	309
1352	0.000000		0.080000	309
1353	0.000000		0.084000	309
1354	0.000000		0.080000	310
1355	0.000000		0.084000	310
1356	0.000000		0.080000	310
1357	0.000000		0.084000	310
1358	0.000000		0.084000	311
1359	0.000000		0.084000	311
1360	0.000000		0.084000	311
1361	0.000000		0.084000	311
1362	0.000000		0.084000	312
1363	0.000000		0.084000	312
1364	0.000000		0.084000	312
1365	0.000000		0.084000	312
1366	0.000000		0.084000	312
1367	0.000000		0.084000	313
1368	0.000000		0.084000	313
1369	0.000000		0.084000	313
1370	0.000000		0.084000	313
1371	0.000000		0.084000	314
1372	0.000000		0.084000	314
1373	0.000000		0.084000	314
1374	0.000000		0.084000	314
1375	0.000000		0.084000	314
1376	0.000000		0.084000	315
1377	0.000000		0.084000	315
1378	0.000000		0.084000	315
1379	0.000000		0.084000	315
1380	0.000000		0.084000	316
1381	0.000000		0.084000	316
1382	0.000000		0.084000	316
1383	0.000000		0.084000	316
1384	0.000000		0.084000	317
1385	0.000000		0.084000	317
1386	0.000000		0.084000	317
1387	0.000000		0.084000	317
1388	0.000000		0.084000	317
1389	0.000000		0.084000	318
1390	0.000000		0.084000	318
1391	0.000000		0.084000	318
1392	0.000000		0.084000	318
1393	0.000000		0.084000	319
1394	0.000000		0.084000	319
1395	0.000000		0.084000	319
1396	0.000000		0.084000	319
1397	0.000000		0.084000	319
1398	0.000000		0.084000	320
1399	0.000000		0.084000	320
1400	0.000000		0.084000	320
1401	0.000000		0.084000	320
1402	0.000000		0.084000	321
1403	0.000000		0.084000	321
1404	0.000000		0.084000	321
1405	0.000000		0.084000	321
1406	0.000000		0.084000	322
1407	0.000000		0.084000	322
1408	0.000000		0.084000	322
1409	0.000000		0.084000	322
1410	0.000000		0.084000	322
1411	0.000000		0.084000	323
1412	0.000000		0.084000	323
1413	0.000000		0.084000	323
1414	0.000000		0.084000	323
1415	0.000000		0.084000	324
1416	0.000000		0.084000	324
1417	0.000000		0.080000	324
1418	0.000000		0.084000	324
1419	0.000000		0.080000	325
1420	0.000000		0.080000	325
1421	0.000000		0.080000	325
1422	0.000000		0.080000	325
1423	0.000000		0.080000	325
1424	0.000000		0.080000	326
1425	0.000000		0.080000	326
1426	0.000000		0.080000	326
1427	0.000000		0.080000	326
1428	0.000000		0.080000	327
1429	0.000000		0.080000	327
1430	0.000000		0.080000	327
1431	0.000000		0.080000	327
1432	0.000000		0.080000	327
1433	0.000000		0.080000	328
1434	0.000000		0.080000	328
1435	0.000000		0.080000	328
1436	0.000000		0.080000	328
1437	0.000000		0.080000	329
1438	0.000000		0.080000	329
1439	0.000000		0.080000	329
1440	0.000000		0.080000	329
1441	0.000000		0.080000	330
1442	0.000000		0.080000	330
1443	0.000000		0.080000	330
1444	0.000000		0.080000	330
1445	0.000000		0.080000	330
1446	0.000000		0.080000	331
1447	0.000000		0.080000	331
1448	0.000000		0.080000	331
1449	0.000000		0.080000	331
1450	0.000000		0.080000	332
1451	0.000000		0.080000	332
1452	0.000000		0.080000	332
1453	0.000000		0.080000	332
1454	0.000000		0.080000	332
1455	0.000000		0.080000	333
1456	0.000000		0.080000	333
1457	0.000000		0.080000	333
1458	0.000000		0.080000	333
1459	0.000000		0.080000	334
1460	0.000000		0.080000	334
1461	0.000000		0.080000	334
1462	0.000000		0.080000	334
1463	0.000000		0.080000	335
1464	0.000000		0.080000	335
1465	0.000000		0.080000	335
1466	0.000000		0.080000	335
1467	0.000000		0.080000	335
1468	0.000000		0.080000	336
1469	0.000000		0.080000	336
1470	0.000000		0.080000	336
1471	0.000000		0.080000	336
1472	0.000000		0.080000	337
1473	0.000000		0.080000	337
1474	0.000000		0.080000	337
1475	0.000000		0.080000	337
1476	0.000000		0.080000	338
1477	0.000000		0.080000	338
1478	0.000000		0.080000	338
1479	0.000000		0.080000	338
1480	0.000000		0.080000	338
1481	0.000000		0.076000	339
1482	0.000000		0.076000	339
1483	0.000000		0.076000	339
1484	0.000000		0.076000	339
1485	0.000000		0.076000	340
1486	0.000000		0.076000	340
1487	0.000000		0.076000	340
1488	0.000000		0.076000	340
1489	0.000000		0.076000	340
1490	0.000000		0.080000	341
1491	0.000000		0.076000	341
1492	0.000000		0.076000	341
1493	0.000000		0.076000	341
1494	0.000000		0.076000	342
1495	0.000000		0.076000	342
1496	0.000000		0.076000	342
1497	0.000000		0.076000	342
1498	0.000000		0.076000	343
1499	0.000000		0.076000	343
1500	0.000000		0.076000	343
1501	0.000000		0.076000	343
1502	0.000000		0.076000	343
1503	0.000000		0.076000	344
1504	0.000000		0.080000	344
1505	0.000000		0.076000	344
1506	0.000000		0.076000	344
1507	0.000000		0.076000	345
1508	0.000000		0.076000	345
1509	0.000000		0.076000	345
1510	0.000000		0.076000	345
1511	0.000000		0.076000	345
1512	0.000000		0.076000	346
1513	0.000000		0.076000	346
1514	0.000000		0.076000	346
1515	0.000000		0.076000	346
1516	0.000000		0.076000	347
1517	0.000000		0.076000	347
1518	0.000000		0.076000	347
1519	0.000000		0.076000	347
1520	0.000000		0.076000	348
1521	0.000000		0.076000	348
1522	0.000000		0.076000	348
1523	0.000000		0.076000	348
1524	0.000000		0.076000	348
1525	0.000000		0.076000	349
1526	0.000000		0.076000	349
1527	0.000000		0.076000	349
1528	0.000000		0.076000	349
1529	0.000000		0.076000	350
1530	0.000000		0.076000	350
1531	0.000000		0.076000	350
1532	0.000000		0.076000	350
1533	0.000000		0.076000	351
1534	0.000000		0.076000	351
1535	0.000000		0.076000	351
1536	0.000000		0.076000	351
1537	0.000000		0.076000	351
1538	0.000000		0.076000	352
1539	0.000000		0.076000	352
1540	0.000000		0.076000	352
1541	0.000000		0.076000	352
1542	0.000000		0.076000	353
1543	0.000000		0.076000	353
1544	0.000000		0.076000	353
1545	0.000000		0.076000	353
1546	0.000000		0.076000	353
1547	0.000000		0.076000	354
1548	0.000000		0.076000	354
1549	0.000000		0.076000	354
1550	0.000000		0.076000	354
1551	0.000000		0.076000	355
1552	0.000000		0.080000	355
1553	0.000000		0.080000	355
1554	0.000000		0.080000	355
1555	0.000000		0.080000	356
1556	0.000000		0.080000	356
1557	0.000000		0.080000	356
1558	0.000000		0.080000	356
1559	0.000000		0.080000	356
1560	0.000000		0.080000	357
1561	0.000000		0.076000	357
1562	0.000000		0.080000	357
1563	0.000000		0.076000	357
1564	0.000000		0.080000	358
1565	0.000000		0.076000	358
1566	0.000000		0.076000	358
1567	0.000000		0.076000	358
1568	0.000000		0.076000	358
1569	0.000000		0.076000	359
1570	0.000000		0.076000	359
1571	0.000000		0.080000	359
1572	0.000000		0.076000	359
1573	0.000000		0.080000	360
1574	0.000000		0.076000	360
1575	0.000000		0.080000	360
1576	0.000000		0.076000	360
1577	0.000000		0.080000	361
1578	0.000000		0.076000	361
1579	0.000000		0.084000	361
1580	0.000000		0.076000	361
1581	0.000000		0.084000	361
1582	0.000000		0.080000	362
1583	0.000000		0.080000	362
1584	0.000000		0.076000	362
1585	0.000000		0.080000	362
1586	0.000000		0.076000	363
1587	0.000000		0.080000	363
1588	0.000000		0.076000	363
1589	0.000000		0.080000	363
1590	0.000000		0.076000	364
1591	0.000000		0.080000	364
1592	0.000000		0.076000	364
1593	0.000000		0.080000	364
1594	0.000000		0.076000	364
1595	0.000000		0.080000	365
1596	0.000000		0.076000	365
1597	0.000000		0.080000	365
1598	0.000000		0.076000	365
1599	0.000000		0.080000	366
1600	0.000000		0.076000	366
1601	0.000000		0.080000	366
1602	0.000000		0.076000	366
1603	0.000000		0.080000	366
1604	0.000000		0.076000	367
1605	0.000000		0.076000	367
1606	0.000000		0.076000	367
1607	0.000000		0.076000	367
1608	0.000000		0.076000	368
1609	0.000000		0.076000	368
1610	0.000000		0.076000	368
1611	0.000000		0.080000	368
1612	0.000000		0.076000	369
1613	0.000000		0.076000	369
1614	0.000000		0.076000	369
1615	0.000000		0.076000	369
1616	0.000000		0.076000	369
1617	0.000000		0.076000	370
1618	0.000000		0.076000	370
1619	0.000000		0.076000	370
1620	0.000000		0.076000	370
1621	0.000000		0.076000	371
1622	0.000000		0.076000	371
1623	0.000000		0.076000	371
1624	0.000000		0.076000	371
1625	0.000000		0.076000	371
1626	0.000000		0.076000	372
1627	0.000000		0.076000	372
1628	0.000000		0.076000	372
1629	0.000000		0.076000	372
1630	0.000000		0.076000	373
1631	0.000000		0.076000	373
1632	0.000000		0.076000	373
1633	0.000000		0.076000	373
1634	0.000000		0.076000	374
1635	0.000000		0.076000	374
1636	0.000000		0.076000	374
1637	0.000000		0.076000	374
1638	0.000000		0.076000	374
1639	0.000000		0.076000	375
1640	0.000000		0.076000	375
1641	0.000000		0.076000	375
1642	0.000000		0.076000	375
1643	0.000000		0.076000	376
1644	0.000000		0.076000	376
1645	0.000000		0.076000	376
1646	0.000000		0.076000	376
1647	0.000000		0.076000	377
1648	0.000000		0.080000	377
1649	0.000000		0.076000	377
1650	0.000000		0.080000	377
1651	0.000000		0.080000	377
1652	0.000000		0.080000	378
1653	0.000000		0.080000	378
1654	0.000000		0.080000	378
1655	0.000000		0.080000	378
1656	0.000000		0.080000	379
1657	0.000000		0.076000	379
1658	0.000000		0.076000	379
1659	0.000000		0.076000	379
1660	0.000000		0.076000	380
1661	0.000000		0.076000	380
1662	0.000000		0.076000	380
1663	0.000000		0.076000	380
1664	0.000000		0.076000	380
1665	0.000000		0.080000	381
1666	0.000000		0.076000	381
1667	0.000000		0.080000	381
1668	0.000000		0.076000	381
1669	0.000000		0.080000	382
1670	0.000000		0.076000	382
1671	0.000000		0.080000	382
1672	0.000000		0.076000	382
1673	0.000000		0.080000	382
1674	0.000000		0.076000	383
1675	0.000000		0.080000	383
1676	0.000000		0.076000	383
1677	0.000000		0.080000	383
1678	0.000000		0.076000	384
1679	0.000000		0.080000	384
1680	0.000000		0.076000	384
1681	0.000000		0.080000	384
1682	0.000000		0.080000	385
1683	0.000000		0.080000	385
1684	0.000000		0.080000	385
1685	0.000000		0.080000	385
1686	0.000000		0.080000	385
1687	0.000000		0.080000	386
1688	0.000000		0.080000	386
1689	0.000000		0.080000	386
1690	0.000000		0.080000	386
1691	0.000000		0.080000	387
1692	0.000000		0.080000	387
1693	0.000000		0.080000	387
1694	0.000000		0.080000	387
1695	0.000000		0.080000	387
1696	0.000000		0.080000	388
1697	0.000000		0.080000	388
1698	0.000000		0.080000	388
1699	0.000000		0.080000	388
1700	0.000000		0.080000	389
1701	0.000000		0.080000	389
1702	0.000000		0.080000	389
1703	0.000000		0.080000	389
1704	0.000000		0.080000	390
1705	0.000000		0.080000	390
1706	0.000000		0.080000	390
1707	0.000000		0.080000	390
1708	0.000000		0.080000	390
1709	0.000000		0.080000	391
1710	0.000000		0.080000	391
1711	0.000000		0.080000	391
1712	0.000000		0.080000	391
1713	0.000000		0.080000	392
1714	0.000000		0.080000	392
1715	0.000000		0.080000	392
1716	0.000000		0.080000	392
1717	0.000000		0.080000	392
1718	0.000000		0.080000	393
1719	0.000000		0.080000	393
1720	0.000000		0.080000	393
1721	0.000000		0.080000	393
1722	0.000000		0.080000	394
1723	0.000000		0.080000	394
1724	0.000000		0.080000	394
1725	0.000000		0.080000	394
1726	0.000000		0.080000	395
1727	0.000000		0.080000	395
1728	0.000000		0.080000	395
1729	0.000000		0.080000	395
1730	0.000000		0.080000	395
1731	0.000000		0.080000	396
1732	0.000000		0.080000	396
1733	0.000000		0.080000	396
1734	0.000000		0.076000	396
1735	0.000000		0.076000	397
1736	0.000000		0.076000	397
1737	0.000000		0.076000	397
1738	0.000000		0.076000	397
1739	0.000000		0.076000	397
1740	0.000000		0.076000	398
1741	0.000000		0.076000	398
1742	0.000000		0.076000	398
1743	0.000000		0.076000	398
1744	0.000000		0.076000	399
1745	0.000000		0.076000	399
1746	0.000000		0.076000	399
1747	0.000000		0.076000	399
1748	0.000000		0.076000	400
1749	0.000000		0.076000	400
1750	0.000000		0.076000	400
1751	0.000000		0.076000	400
1752	0.000000		0.076000	400
1753	0.000000		0.076000	401
1754	0.000000		0.076000	401
1755	0.000000		0.076000	401
1756	0.000000		0.076000	401
1757	0.000000		0.076000	402
1758	0.000000		0.076000	402
1759	0.000000		0.076000	402
1760	0.000000		0.076000	402
1761	0.000000		0.076000	402
1762	0.000000		0.076000	403
1763	0.000000		0.076000	403
1764	0.000000		0.076000	403
1765	0.000000		0.076000	403
1766	0.000000		0.076000	404
1767	0.000000		0.076000	404
1768	0.000000		0.076000	404
1769	0.000000		0.076000	404
1770	0.000000		0.076000	405
1771	0.000000		0.080000	405
1772	0.000000		0.076000	405
1773	0.000000		0.076000	405
1774	0.000000		0.076000	405
1775	0.000000		0.076000	406
1776	0.000000		0.076000	406
1777	0.000000		0.076000	406
1778	0.000000		0.076000	406
1779	0.000000		0.076000	407
1780	0.000000		0.076000	407
1781	0.000000		0.076000	407
1782	0.000000		0.076000	407
1783	0.000000		0.076000	408
1784	0.000000		0.076000	408
1785	0.000000		0.076000	408
1786	0.000000		0.076000	408
1787	0.000000		0.076000	408
1788	0.000000		0.076000	409
1789	0.000000		0.076000	409
1790	0.000000		0.076000	409
1791	0.000000		0.076000	409
1792	0.000000		0.076000	410
1793	0.000000		0.076000	410
1794	0.000000		0.076000	410
1795	0.000000		0.076000	410
1796	0.000000		0.076000	410
1797	0.000000		0.076000	411
1798	0.000000		0.076000	411
1799	0.000000		0.076000	411
1800	0.000000		0.076000	411
1801	0.000000		0.076000	412
1802	0.000000		0.076000	412
1803	0.000000		0.076000	412
1804	0.000000		0.076000	412
1805	0.000000		0.076000	413
1806	0.000000		0.076000	413
1807	0.000000		0.076000	413
1808	0.000000		0.076000	413
1809	0.000000		0.076000	413
1810	0.000000		0.076000	414
1811	0.000000		0.076000	414
1812	0.000000		0.076000	414
1813	0.000000		0.076000	414
1814	0.000000		0.076000	415
1815	0.000000		0.076000	415
1816	0.000000		0.076000	415
1817	0.000000		0.076000	415
1818	0.000000		0.076000	415
1819	0.000000		0.076000	416
1820	0.000000		0.076000	416
1821	0.000000		0.076000	416
1822	0.000000		0.076000	416
1823	0.000000		0.076000	417
1824	0.000000		0.076000	417
1825	0.000000		0.076000	417
1826	0.000000		0.076000	417
1827	0.000000		0.076000	418
1828	0.000000		0.076000	418
1829	0.000000		0.076000	418
1830	0.000000		0.076000	418
1831	0.000000		0.076000	418
1832	0.000000		0.076000	419
1833	0.000000		0.076000	419
1834	0.000000		0.076000	419
1835	0.000000		0.076000	419
1836	0.000000		0.076000	420
1837	0.000000		0.076000	420
1838	0.000000		0.076000	420
1839	0.000000		0.076000	420
1840	0.000000		0.076000	420
1841	0.000000		0.076000	421
1842	0.000000		0.076000	421
1843	0.000000		0.076000	421
1844	0.000000		0.076000	421
1845	0.000000		0.076000	422
1846	0.000000		0.076000	422
1847	0.000000		0.076000	422
1848	0.000000		0.076000	422
1849	0.000000		0.076000	423
1850	0.000000		0.076000	423
1851	0.000000		0.076000	423
1852	0.000000		0.076000	423
1853	0.000000		0.076000	423
1854	0.000000		0.076000	424
1855	0.000000		0.076000	424
1856	0.000000		0.076000	424
1857	0.000000		0.076000	424
1858	0.000000		0.076000	425
1859	0.000000		0.076000	425
1860	0.000000		0.076000	425
1861	0.000000		0.076000	425
1862	0.000000		0.076000	426
1863	0.000000		0.076000	426
1864	0.000000		0.076000	426
1865	0.000000		0.076000	426
1866	0.000000		0.076000	426
1867	0.000000		0.076000	427
1868	0.000000		0.076000	427
1869	0.000000		0.076000	427
1870	0.000000		0.076000	427
1871	0.000000		0.076000	428
1872	0.000000		0.076000	428
1873	0.000000		0.076000	428
1874	0.000000		0.076000	428
1875	0.000000		0.076000	428
1876	0.000000		0.076000	429
1877	0.000000		0.076000	429
1878	0.000000		0.076000	429
1879	0.000000		0.076000	429
1880	0.000000		0.076000	430
1881	0.000000		0.076000	430
1882	0.000000		0.076000	430
1883	0.000000		0.076000	430
1884	0.000000		0.076000	431
1885	0.000000		0.076000	431
1886	0.000000		0.076000	431
1887	0.000000		0.076000	431
1888	0.000000		0.076000	431
1889	0.000000		0.076000	432
1890	0.000000		0.076000	432
1891	0.000000		0.076000	432
1892	0.000000		0.076000	432
1893	0.000000		0.076000	433
1894	0.000000		0.076000	433
1895	0.000000		0.076000	433
1896	0.000000		0.076000	433
1897	0.000000		0.076000	433
1898	0.000000		0.076000	434
1899	0.000000		0.076000	434
1900	0.000000		0.076000	434
1901	0.000000		0.076000	434
1902	0.000000		0.076000	435
1903	0.000000		0.076000	435
1904	0.000000		0.076000	435
1905	0.000000		0.076000	435
1906	0.000000		0.076000	436
1907	0.000000		0.076000	436
1908	0.000000		0.076000	436
1909	0.000000		0.076000	436
1910	0.000000		0.076000	436
1911	0.000000		0.076000	437
1912	0.000000		0.076000	437
1913	0.000000		0.076000	437
1914	0.000000		0.076000	437
1915	0.000000		0.076000	438
1916	0.000000		0.076000	438
1917	0.000000		0.076000	438
1918	0.000000		0.076000	438
1919	0.000000		0.076000	438
1920	0.000000		0.076000	439
1921	0.000000		0.076000	439
1922	0.000000		0.076000	439
1923	0.000000		0.076000	439
1924	0.000000		0.076000	440
1925	0.000000		0.076000	440
1926	0.000000		0.076000	440
1927	0.000000		0.076000	440
1928	0.000000		0.076000	441
1929	0.000000		0.076000	441
1930	0.000000		0.076000	441
1931	0.000000		0.076000	441
1932	0.000000		0.076000	441
1933	0.000000		0.076000	442
1934	0.000000		0.076000	442
1935	0.000000		0.076000	442
1936	0.000000		0.076000	442
1937	0.000000		0.076000	443
1938	0.000000		0.076000	443
1939	0.000000		0.076000	443
1940	0.000000		0.076000	443
1941	0.000000		0.076000	443
1942	0.000000		0.076000	444
1943	0.000000		0.076000	444
1944	0.000000		0.076000	444
1945	0.000000		0.076000	444
1946	0.000000		0.076000	445
1947	0.000000		0.076000	445
1948	0.000000		0.076000	445
1949	0.000000		0.076000	445
1950	0.000000		0.076000	446
1951	0.000000		0.076000	446
1952	0.000000		0.076000	446
1953	0.000000		0.076000	446
1954	0.000000		0.076000	446
1955	0.000000		0.076000	447
1956	0.000000		0.076000	447
1957	0.000000		0.076000	447
1958	0.000000		0.076000	447
1959	0.000000		0.076000	448
1960	0.000000		0.076000	448
1961	0.000000		0.076000	448
1962	0.000000		0.076000	448
1963	0.000000		0.076000	449
1964	0.000000		0.076000	449
1965	0.000000		0.076000	449
1966	0.000000		0.076000	449
1967	0.000000		0.076000	449
1968	0.000000		0.076000	450
1969	0.000000		0.076000	450
1970	0.000000		0.076000	450
1971	0.000000		0.076000	450
1972	0.000000		0.076000	451
1973	0.000000		0.076000	451
1974	0.000000		0.076000	451
1975	0.000000		0.076000	451
1976	0.000000		0.076000	451
1977	0.000000		0.076000	452
1978	0.000000		0.076000	452
1979	0.000000		0.076000	452
1980	0.000000		0.076000	452
1981	0.000000		0.076000	453
1982	0.000000		0.076000	453
1983	0.000000		0.076000	453
1984	0.000000		0.076000	453
1985	0.000000		0.076000	454
1986	0.000000		0.076000	454
1987	0.000000		0.076000	454
1988	0.000000		0.076000	454
1989	0.000000		0.076000	454
1990	0.000000		0.076000	455
1991	0.000000		0.076000	455
1992	0.000000		0.076000	455
1993	0.000000		0.076000	455
1994	0.000000		0.076000	456
1995	0.000000		0.076000	456
1996	0.000000		0.076000	456
1997	0.000000		0.076000	456
1998	0.000000		0.076000	456
1999	0.000000		0.076000	457
2000	0.000000		0.076000	457
