0	0.300000		0.292000	0
1	0.064444		0.052000	0
2	0.064444		0.052000	0
3	0.064444		0.052000	0
4	0.064444		0.052000	1
5	0.064444		0.052000	1
6	0.064444		0.052000	1
7	0.064444		0.052000	1
8	0.064444		0.052000	2
9	0.064444		0.052000	2
10	0.064444		0.052000	2
11	0.064444		0.052000	2
12	0.064444		0.052000	2
13	0.064444		0.052000	3
14	0.064444		0.052000	3
15	0.064444		0.052000	3
16	0.064444		0.052000	3
17	0.064444		0.052000	4
18	0.064000		0.052000	4
19	0.064444		0.052000	4
20	0.064000		0.052000	4
21	0.064444		0.052000	5
22	0.064444		0.052000	5
23	0.064000		0.052000	5
24	0.063556		0.052000	5
25	0.063556		0.052000	5
26	0.063111		0.052000	6
27	0.062667		0.052000	6
28	0.064000		0.048000	6
29	0.062222		0.052000	6
30	0.064000		0.052000	7
31	0.062222		0.052000	7
32	0.064000		0.052000	7
33	0.062667		0.052000	7
34	0.063556		0.048000	8
35	0.061778		0.052000	8
36	0.063556		0.048000	8
37	0.062222		0.052000	8
38	0.063556		0.048000	8
39	0.062222		0.052000	9
40	0.063111		0.052000	9
41	0.061333		0.052000	9
42	0.062667		0.048000	9
43	0.061333		0.052000	10
44	0.062667		0.048000	10
45	0.061333		0.052000	10
46	0.062667		0.048000	10
47	0.060889		0.052000	11
48	0.062667		0.048000	11
49	0.061778		0.052000	11
50	0.062222		0.048000	11
51	0.061778		0.048000	11
52	0.059556		0.048000	12
53	0.060000		0.048000	12
54	0.060000		0.048000	12
55	0.060444		0.048000	12
56	0.059556		0.048000	13
57	0.061333		0.048000	13
58	0.060889		0.048000	13
59	0.060889		0.048000	13
60	0.060889		0.048000	13
61	0.060889		0.048000	14
62	0.060444		0.048000	14
63	0.061333		0.048000	14
64	0.060444		0.048000	14
65	0.060000		0.048000	15
66	0.060444		0.048000	15
67	0.060444		0.048000	15
68	0.061333		0.048000	15
69	0.058667		0.052000	16
70	0.061333		0.048000	16
71	0.059556		0.052000	16
72	0.061333		0.048000	16
73	0.059111		0.052000	16
74	0.060000		0.048000	17
75	0.060444		0.048000	17
76	0.059556		0.048000	17
77	0.058222		0.052000	17
78	0.059111		0.048000	18
79	0.058222		0.052000	18
80	0.058667		0.048000	18
81	0.060444		0.048000	18
82	0.058667		0.048000	19
83	0.059556		0.048000	19
84	0.057333		0.048000	19
85	0.056889		0.048000	19
86	0.057778		0.048000	19
87	0.056889		0.048000	20
88	0.057333		0.048000	20
89	0.056889		0.048000	20
90	0.057333		0.048000	20
91	0.057778		0.048000	21
92	0.058222		0.048000	21
93	0.057778		0.048000	21
94	0.058222		0.048000	21
95	0.057778		0.048000	22
96	0.054222		0.048000	22
97	0.056000		0.052000	22
98	0.055111		0.048000	22
99	0.055111		0.052000	22
100	0.053778		0.048000	23
101	0.054667		0.052000	23
102	0.053333		0.048000	23
103	0.052889		0.048000	23
104	0.052000		0.048000	24
105	0.053333		0.048000	24
106	0.052000		0.048000	24
107	0.052000		0.052000	24
108	0.051111		0.048000	24
109	0.052444		0.048000	25
110	0.051556		0.048000	25
111	0.052444		0.048000	25
112	0.050222		0.048000	25
113	0.052444		0.048000	26
114	0.050667		0.048000	26
115	0.052889		0.048000	26
116	0.050667		0.048000	26
117	0.052444		0.048000	27
118	0.050667		0.048000	27
119	0.052000		0.048000	27
120	0.050222		0.048000	27
121	0.051556		0.048000	27
122	0.050222		0.048000	28
123	0.050667		0.048000	28
124	0.050667		0.048000	28
125	0.048889		0.052000	28
126	0.050222		0.048000	29
127	0.048000		0.052000	29
128	0.049333		0.048000	29
129	0.049333		0.048000	29
130	0.048889		0.048000	30
131	0.048000		0.052000	30
132	0.048444		0.048000	30
133	0.047556		0.052000	30
134	0.047556		0.048000	30
135	0.048000		0.048000	31
136	0.048000		0.048000	31
137	0.048000		0.048000	31
138	0.048000		0.048000	31
139	0.048000		0.048000	32
140	0.048000		0.048000	32
141	0.048000		0.048000	32
142	0.048000		0.048000	32
143	0.048000		0.048000	32
144	0.048889		0.048000	33
145	0.048000		0.048000	33
146	0.048000		0.048000	33
147	0.047556		0.048000	33
148	0.046667		0.048000	34
149	0.047111		0.052000	34
150	0.046667		0.048000	34
151	0.046667		0.048000	34
152	0.047111		0.048000	35
153	0.046222		0.048000	35
154	0.046667		0.048000	35
155	0.045778		0.048000	35
156	0.045333		0.048000	35
157	0.046222		0.048000	36
158	0.046222		0.048000	36
159	0.045778		0.048000	36
160	0.044889		0.048000	36
161	0.046222		0.048000	37
162	0.044444		0.048000	37
163	0.045778		0.048000	37
164	0.044444		0.048000	37
165	0.045333		0.048000	38
166	0.044444		0.048000	38
167	0.044889		0.048000	38
168	0.044444		0.048000	38
169	0.044889		0.048000	38
170	0.044000		0.048000	39
171	0.044444		0.048000	39
172	0.044000		0.048000	39
173	0.044889		0.048000	39
174	0.044000		0.048000	40
175	0.044444		0.048000	40
176	0.043111		0.048000	40
177	0.043556		0.048000	40
178	0.043111		0.052000	40
179	0.043111		0.052000	41
180	0.041333		0.052000	41
181	0.041778		0.052000	41
182	0.042667		0.052000	41
183	0.040444		0.052000	42
184	0.042222		0.052000	42
185	0.040889		0.052000	42
186	0.042222		0.052000	42
187	0.040889		0.052000	43
188	0.041778		0.052000	43
189	0.040889		0.052000	43
190	0.041333		0.052000	43
191	0.040000		0.052000	43
192	0.039556		0.052000	44
193	0.040889		0.052000	44
194	0.040444		0.052000	44
195	0.040889		0.052000	44
196	0.039556		0.052000	45
197	0.039556		0.052000	45
198	0.040000		0.052000	45
199	0.037333		0.052000	45
200	0.037778		0.052000	46
201	0.037778		0.052000	46
202	0.037333		0.052000	46
203	0.039111		0.052000	46
204	0.040000		0.052000	46
205	0.038222		0.052000	47
206	0.039556		0.052000	47
207	0.037333		0.052000	47
208	0.039556		0.052000	47
209	0.037333		0.052000	48
210	0.037778		0.052000	48
211	0.037778		0.052000	48
212	0.038222		0.052000	48
213	0.037778		0.052000	48
214	0.038667		0.052000	49
215	0.037333		0.052000	49
216	0.038222		0.052000	49
217	0.039556		0.052000	49
218	0.038667		0.052000	50
219	0.038667		0.048000	50
220	0.039111		0.052000	50
221	0.038667		0.048000	50
222	0.040000		0.048000	51
223	0.037333		0.048000	51
224	0.038667		0.044000	51
225	0.036889		0.044000	51
226	0.038667		0.048000	51
227	0.035556		0.048000	52
228	0.037778		0.048000	52
229	0.036444		0.044000	52
230	0.036000		0.044000	52
231	0.036444		0.048000	53
232	0.034667		0.044000	53
233	0.035556		0.048000	53
234	0.034222		0.044000	53
235	0.035556		0.052000	54
236	0.033778		0.048000	54
237	0.033778		0.048000	54
238	0.034222		0.044000	54
239	0.035556		0.048000	54
240	0.034222		0.044000	55
241	0.035556		0.048000	55
242	0.034667		0.044000	55
243	0.035111		0.048000	55
244	0.034667		0.044000	56
245	0.035556		0.048000	56
246	0.035111		0.044000	56
247	0.033778		0.048000	56
248	0.033333		0.044000	56
249	0.034222		0.048000	57
250	0.034222		0.044000	57
251	0.035111		0.048000	57
252	0.033778		0.044000	57
253	0.035111		0.048000	58
254	0.033333		0.044000	58
255	0.033778		0.048000	58
256	0.032889		0.044000	58
257	0.032000		0.048000	59
258	0.032889		0.044000	59
259	0.030222		0.048000	59
260	0.032000		0.048000	59
261	0.028889		0.048000	59
262	0.031111		0.048000	60
263	0.028444		0.048000	60
264	0.030222		0.044000	60
265	0.028889		0.044000	60
266	0.029778		0.044000	61
267	0.028889		0.044000	61
268	0.029778		0.044000	61
269	0.028889		0.048000	61
270	0.028444		0.044000	62
271	0.030222		0.044000	62
272	0.028889		0.044000	62
273	0.028444		0.044000	62
274	0.028889		0.044000	62
275	0.027556		0.044000	63
276	0.028000		0.044000	63
277	0.027111		0.044000	63
278	0.027556		0.044000	63
279	0.028000		0.044000	64
280	0.027556		0.044000	64
281	0.028000		0.044000	64
282	0.026667		0.044000	64
283	0.028000		0.044000	64
284	0.027111		0.044000	65
285	0.028444		0.044000	65
286	0.026667		0.044000	65
287	0.028444		0.044000	65
288	0.026222		0.044000	66
289	0.028444		0.044000	66
290	0.026222		0.044000	66
291	0.027556		0.044000	66
292	0.025333		0.044000	67
293	0.028444		0.044000	67
294	0.024889		0.044000	67
295	0.028000		0.044000	67
296	0.025778		0.044000	67
297	0.027111		0.044000	68
298	0.026222		0.044000	68
299	0.024889		0.044000	68
300	0.025778		0.044000	68
301	0.025778		0.044000	69
302	0.024444		0.044000	69
303	0.025778		0.044000	69
304	0.024444		0.044000	69
305	0.026222		0.044000	70
306	0.024000		0.044000	70
307	0.026222		0.044000	70
308	0.024889		0.044000	70
309	0.026222		0.044000	70
310	0.024444		0.044000	71
311	0.026222		0.044000	71
312	0.024000		0.044000	71
313	0.027111		0.044000	71
314	0.023556		0.044000	72
315	0.025333		0.044000	72
316	0.023556		0.044000	72
317	0.024889		0.044000	72
318	0.024444		0.044000	72
319	0.024889		0.048000	73
320	0.023556		0.048000	73
321	0.024000		0.048000	73
322	0.024889		0.048000	73
323	0.023556		0.048000	74
324	0.024889		0.048000	74
325	0.022667		0.048000	74
326	0.024444		0.048000	74
327	0.023111		0.048000	75
328	0.024444		0.048000	75
329	0.022667		0.048000	75
330	0.023111		0.048000	75
331	0.022667		0.048000	75
332	0.023111		0.048000	76
333	0.021778		0.048000	76
334	0.023111		0.048000	76
335	0.021778		0.044000	76
336	0.022667		0.048000	77
337	0.020889		0.048000	77
338	0.022667		0.048000	77
339	0.020889		0.048000	77
340	0.023111		0.048000	78
341	0.022222		0.044000	78
342	0.021778		0.048000	78
343	0.021778		0.048000	78
344	0.022222		0.048000	78
345	0.021778		0.048000	79
346	0.020444		0.048000	79
347	0.021333		0.044000	79
348	0.020000		0.044000	79
349	0.022222		0.048000	80
350	0.020444		0.044000	80
351	0.021333		0.044000	80
352	0.020000		0.044000	80
353	0.020889		0.044000	81
354	0.020000		0.044000	81
355	0.020889		0.044000	81
356	0.019556		0.044000	81
357	0.018222		0.044000	81
358	0.019556		0.044000	82
359	0.018667		0.044000	82
360	0.018667		0.044000	82
361	0.018222		0.044000	82
362	0.017778		0.044000	83
363	0.018667		0.044000	83
364	0.018222		0.044000	83
365	0.020000		0.044000	83
366	0.018222		0.044000	83
367	0.020000		0.044000	84
368	0.018222		0.044000	84
369	0.019556		0.044000	84
370	0.017333		0.044000	84
371	0.018667		0.044000	85
372	0.016889		0.044000	85
373	0.019111		0.044000	85
374	0.016889		0.044000	85
375	0.017778		0.044000	86
376	0.017333		0.044000	86
377	0.016444		0.044000	86
378	0.016889		0.044000	86
379	0.017333		0.044000	86
380	0.016889		0.044000	87
381	0.016000		0.044000	87
382	0.016889		0.044000	87
383	0.016000		0.044000	87
384	0.015556		0.044000	88
385	0.015111		0.044000	88
386	0.014667		0.044000	88
387	0.016444		0.044000	88
388	0.016000		0.044000	89
389	0.015111		0.044000	89
390	0.014222		0.044000	89
391	0.013333		0.044000	89
392	0.014667		0.044000	89
393	0.013333		0.044000	90
394	0.012889		0.044000	90
395	0.013778		0.044000	90
396	0.012444		0.044000	90
397	0.014222		0.044000	91
398	0.012444		0.044000	91
399	0.013778		0.044000	91
400	0.011556		0.044000	91
401	0.014667		0.044000	91
402	0.011111		0.044000	92
403	0.013778		0.044000	92
404	0.011556		0.044000	92
405	0.013778		0.044000	92
406	0.011111		0.044000	93
407	0.013778		0.044000	93
408	0.010222		0.044000	93
409	0.014222		0.044000	93
410	0.010222		0.044000	94
411	0.013778		0.044000	94
412	0.010222		0.044000	94
413	0.013778		0.044000	94
414	0.009333		0.044000	94
415	0.009778		0.044000	95
416	0.011111		0.044000	95
417	0.009778		0.044000	95
418	0.011111		0.044000	95
419	0.010222		0.044000	96
420	0.012444		0.044000	96
421	0.010667		0.044000	96
422	0.011556		0.044000	96
423	0.010222		0.044000	97
424	0.012444		0.044000	97
425	0.011111		0.044000	97
426	0.012889		0.044000	97
427	0.010667		0.044000	97
428	0.012889		0.044000	98
429	0.010222		0.044000	98
430	0.010667		0.044000	98
431	0.012444		0.044000	98
432	0.010222		0.044000	99
433	0.011111		0.044000	99
434	0.012000		0.044000	99
435	0.011111		0.044000	99
436	0.011111		0.044000	99
437	0.009778		0.044000	100
438	0.012889		0.044000	100
439	0.009333		0.044000	100
440	0.012000		0.044000	100
441	0.010667		0.044000	101
442	0.009333		0.044000	101
443	0.010667		0.044000	101
444	0.008889		0.044000	101
445	0.008889		0.044000	102
446	0.008000		0.044000	102
447	0.009333		0.044000	102
448	0.008000		0.044000	102
449	0.009333		0.044000	102
450	0.008444		0.044000	103
451	0.009778		0.044000	103
452	0.008444		0.044000	103
453	0.010222		0.044000	103
454	0.008000		0.044000	104
455	0.010222		0.044000	104
456	0.008000		0.044000	104
457	0.009778		0.044000	104
458	0.007556		0.044000	105
459	0.008889		0.044000	105
460	0.007111		0.048000	105
461	0.009333		0.044000	105
462	0.007111		0.048000	105
463	0.010222		0.044000	106
464	0.007556		0.048000	106
465	0.007556		0.048000	106
466	0.007556		0.048000	106
467	0.007556		0.048000	107
468	0.008000		0.048000	107
469	0.007556		0.048000	107
470	0.007556		0.044000	107
471	0.007111		0.048000	107
472	0.005778		0.044000	108
473	0.007111		0.048000	108
474	0.005778		0.044000	108
475	0.006222		0.048000	108
476	0.006222		0.044000	109
477	0.005778		0.048000	109
478	0.007111		0.044000	109
479	0.005778		0.048000	109
480	0.006667		0.044000	110
481	0.005778		0.048000	110
482	0.006667		0.044000	110
483	0.005778		0.048000	110
484	0.006667		0.044000	110
485	0.005778		0.048000	111
486	0.006667		0.044000	111
487	0.005778		0.048000	111
488	0.006667		0.044000	111
489	0.006222		0.048000	112
490	0.006667		0.044000	112
491	0.006222		0.048000	112
492	0.005778		0.048000	112
493	0.005333		0.048000	113
494	0.005778		0.048000	113
495	0.005333		0.048000	113
496	0.005778		0.048000	113
497	0.006667		0.048000	113
498	0.005333		0.044000	114
499	0.006222		0.048000	114
500	0.004889		0.044000	114
501	0.006222		0.048000	114
502	0.005333		0.044000	115
503	0.005778		0.048000	115
504	0.004889		0.048000	115
505	0.005333		0.048000	115
506	0.004000		0.048000	115
507	0.006222		0.048000	116
508	0.004444		0.048000	116
509	0.005778		0.048000	116
510	0.004444		0.048000	116
511	0.005778		0.048000	117
512	0.004000		0.048000	117
513	0.005333		0.048000	117
514	0.004000		0.048000	117
515	0.004889		0.048000	118
516	0.004000		0.048000	118
517	0.005778		0.048000	118
518	0.004000		0.048000	118
519	0.004444		0.048000	118
520	0.003111		0.048000	119
521	0.004444		0.048000	119
522	0.003111		0.048000	119
523	0.004000		0.048000	119
524	0.003111		0.048000	120
525	0.004000		0.048000	120
526	0.003556		0.048000	120
527	0.003556		0.048000	120
528	0.003111		0.048000	121
529	0.004000		0.048000	121
530	0.003111		0.048000	121
531	0.004000		0.048000	121
532	0.003111		0.048000	121
533	0.003556		0.048000	122
534	0.003111		0.048000	122
535	0.003556		0.048000	122
536	0.003111		0.048000	122
537	0.003111		0.048000	123
538	0.003111		0.048000	123
539	0.002667		0.048000	123
540	0.003111		0.048000	123
541	0.002667		0.048000	123
542	0.003111		0.048000	124
543	0.002667		0.048000	124
544	0.003556		0.048000	124
545	0.002667		0.048000	124
546	0.003111		0.048000	125
547	0.002667		0.048000	125
548	0.003111		0.048000	125
549	0.002222		0.048000	125
550	0.002222		0.048000	126
551	0.001778		0.048000	126
552	0.002667		0.048000	126
553	0.001333		0.048000	126
554	0.002667		0.048000	126
555	0.002222		0.048000	127
556	0.002222		0.048000	127
557	0.002222		0.048000	127
558	0.002222		0.048000	127
559	0.002222		0.048000	128
560	0.002222		0.048000	128
561	0.002222		0.048000	128
562	0.002222		0.048000	128
563	0.002222		0.048000	129
564	0.002222		0.048000	129
565	0.002222		0.048000	129
566	0.002222		0.048000	129
567	0.001333		0.048000	129
568	0.002222		0.048000	130
569	0.001778		0.048000	130
570	0.002222		0.048000	130
571	0.001333		0.048000	130
572	0.002222		0.048000	131
573	0.001778		0.048000	131
574	0.002667		0.048000	131
575	0.001778		0.048000	131
576	0.002667		0.048000	131
577	0.001778		0.048000	132
578	0.001778		0.048000	132
579	0.002222		0.048000	132
580	0.003111		0.048000	132
581	0.001778		0.048000	133
582	0.003111		0.048000	133
583	0.001778		0.048000	133
584	0.001778		0.048000	133
585	0.001333		0.048000	134
586	0.002667		0.048000	134
587	0.001333		0.048000	134
588	0.001778		0.048000	134
589	0.000889		0.048000	134
590	0.002222		0.048000	135
591	0.000889		0.048000	135
592	0.001333		0.048000	135
593	0.000889		0.048000	135
594	0.001333		0.048000	136
595	0.001778		0.048000	136
596	0.001778		0.048000	136
597	0.001333		0.048000	136
598	0.001333		0.048000	137
599	0.001333		0.048000	137
600	0.001333		0.048000	137
601	0.001333		0.048000	137
602	0.001333		0.048000	137
603	0.001333		0.048000	138
604	0.001333		0.048000	138
605	0.000889		0.048000	138
606	0.001778		0.048000	138
607	0.001333		0.048000	139
608	0.001333		0.048000	139
609	0.001333		0.048000	139
610	0.001333		0.048000	139
611	0.001333		0.048000	140
612	0.001333		0.048000	140
613	0.001333		0.048000	140
614	0.001333		0.048000	140
615	0.001333		0.048000	140
616	0.001333		0.048000	141
617	0.001333		0.048000	141
618	0.000889		0.048000	141
619	0.001333		0.048000	141
620	0.000889		0.048000	142
621	0.001333		0.048000	142
622	0.001333		0.048000	142
623	0.001333		0.048000	142
624	0.001333		0.048000	142
625	0.001333		0.048000	143
626	0.001333		0.048000	143
627	0.001333		0.048000	143
628	0.001333		0.048000	143
629	0.000889		0.048000	144
630	0.000889		0.048000	144
631	0.000889		0.048000	144
632	0.000889		0.048000	144
633	0.000889		0.048000	145
634	0.000889		0.048000	145
635	0.000889		0.048000	145
636	0.000889		0.048000	145
637	0.000889		0.048000	145
638	0.000889		0.048000	146
639	0.000444		0.048000	146
640	0.000889		0.048000	146
641	0.000444		0.048000	146
642	0.000889		0.048000	147
643	0.000444		0.048000	147
644	0.000444		0.048000	147
645	0.000444		0.048000	147
646	0.000889		0.048000	148
647	0.000000		0.048000	148
648	0.000444		0.048000	148
649	0.000889		0.048000	148
650	0.000444		0.048000	148
651	0.001333		0.048000	149
652	0.000444		0.048000	149
653	0.001333		0.048000	149
654	0.000444		0.048000	149
655	0.000444		0.048000	150
656	0.000889		0.048000	150
657	0.000444		0.048000	150
658	0.000889		0.048000	150
659	0.000889		0.048000	150
660	0.000889		0.048000	151
661	0.000444		0.048000	151
662	0.000889		0.048000	151
663	0.000444		0.048000	151
664	0.000889		0.048000	152
665	0.000444		0.048000	152
666	0.000889		0.048000	152
667	0.000444		0.048000	152
668	0.000889		0.048000	153
669	0.000444		0.048000	153
670	0.000444		0.048000	153
671	0.000889		0.048000	153
672	0.000000		0.048000	153
673	0.000889		0.048000	154
674	0.000000		0.048000	154
675	0.000889		0.048000	154
676	0.000000		0.048000	154
677	0.000889		0.048000	155
678	0.000000		0.048000	155
679	0.000889		0.048000	155
680	0.000000		0.048000	155
681	0.000889		0.048000	156
682	0.000000		0.048000	156
683	0.000889		0.048000	156
684	0.000444		0.048000	156
685	0.000889		0.048000	156
686	0.000444		0.048000	157
687	0.000000		0.048000	157
688	0.000000		0.048000	157
689	0.000000		0.048000	157
690	0.000000		0.048000	158
691	0.000000		0.048000	158
692	0.000000		0.048000	158
693	0.000000		0.048000	158
694	0.000000		0.048000	159
695	0.000000		0.048000	159
696	0.000000		0.048000	159
697	0.000000		0.048000	159
698	0.000000		0.048000	159
699	0.000000		0.048000	160
700	0.000000		0.048000	160
701	0.000000		0.048000	160
702	0.000000		0.048000	160
703	0.000000		0.048000	161
704	0.000000		0.048000	161
705	0.000000		0.048000	161
706	0.000000		0.048000	161
707	0.000000		0.048000	161
708	0.000000		0.048000	162
709	0.000000		0.048000	162
710	0.000000		0.048000	162
711	0.000000		0.048000	162
712	0.000000		0.048000	163
713	0.000000		0.048000	163
714	0.000000		0.048000	163
715	0.000000		0.048000	163
716	0.000000		0.048000	164
717	0.000000		0.048000	164
718	0.000000		0.048000	164
719	0.000000		0.048000	164
720	0.000000		0.048000	164
721	0.000000		0.048000	165
722	0.000000		0.048000	165
723	0.000000		0.048000	165
724	0.000000		0.048000	165
725	0.000000		0.048000	166
726	0.000000		0.048000	166
727	0.000000		0.048000	166
728	0.000000		0.048000	166
729	0.000000		0.048000	167
730	0.000000		0.048000	167
731	0.000000		0.048000	167
732	0.000000		0.048000	167
733	0.000000		0.048000	167
734	0.000000		0.048000	168
735	0.000000		0.048000	168
736	0.000000		0.048000	168
737	0.000000		0.048000	168
738	0.000000		0.048000	169
739	0.000000		0.048000	169
740	0.000000		0.048000	169
741	0.000000		0.048000	169
742	0.000000		0.048000	170
743	0.000000		0.048000	170
744	0.000000		0.048000	170
745	0.000000		0.048000	170
746	0.000000		0.048000	170
747	0.000000		0.048000	171
748	0.000000		0.048000	171
749	0.000000		0.048000	171
750	0.000000		0.048000	171
751	0.000000		0.048000	172
752	0.000000		0.048000	172
753	0.000000		0.048000	172
754	0.000000		0.048000	172
755	0.000000		0.048000	172
756	0.000000		0.048000	173
757	0.000000		0.048000	173
758	0.000000		0.048000	173
759	0.000000		0.048000	173
760	0.000000		0.048000	174
761	0.000000		0.048000	174
762	0.000000		0.048000	174
763	0.000000		0.048000	174
764	0.000000		0.048000	175
765	0.000000		0.048000	175
766	0.000000		0.048000	175
767	0.000000		0.048000	175
768	0.000000		0.048000	175
769	0.000000		0.048000	176
770	0.000000		0.048000	176
771	0.000000		0.048000	176
772	0.000000		0.048000	176
773	0.000000		0.048000	177
774	0.000000		0.048000	177
775	0.000000		0.048000	177
776	0.000000		0.048000	177
777	0.000000		0.048000	178
778	0.000000		0.048000	178
779	0.000000		0.048000	178
780	0.000000		0.048000	178
781	0.000000		0.048000	178
782	0.000000		0.048000	179
783	0.000000		0.048000	179
784	0.000000		0.048000	179
785	0.000000		0.048000	179
786	0.000000		0.048000	180
787	0.000000		0.048000	180
788	0.000000		0.048000	180
789	0.000000		0.048000	180
790	0.000000		0.048000	180
791	0.000000		0.048000	181
792	0.000000		0.048000	181
793	0.000000		0.048000	181
794	0.000000		0.048000	181
795	0.000000		0.048000	182
796	0.000000		0.048000	182
797	0.000000		0.048000	182
798	0.000000		0.048000	182
799	0.000000		0.048000	183
800	0.000000		0.048000	183
801	0.000000		0.048000	183
802	0.000000		0.048000	183
803	0.000000		0.048000	183
804	0.000000		0.048000	184
805	0.000000		0.048000	184
806	0.000000		0.048000	184
807	0.000000		0.048000	184
808	0.000000		0.048000	185
809	0.000000		0.048000	185
810	0.000000		0.048000	185
811	0.000000		0.048000	185
812	0.000000		0.048000	186
813	0.000000		0.048000	186
814	0.000000		0.048000	186
815	0.000000		0.048000	186
816	0.000000		0.048000	186
817	0.000000		0.048000	187
818	0.000000		0.048000	187
819	0.000000		0.048000	187
820	0.000000		0.048000	187
821	0.000000		0.048000	188
822	0.000000		0.048000	188
823	0.000000		0.048000	188
824	0.000000		0.048000	188
825	0.000000		0.048000	188
826	0.000000		0.048000	189
827	0.000000		0.048000	189
828	0.000000		0.048000	189
829	0.000000		0.048000	189
830	0.000000		0.048000	190
831	0.000000		0.048000	190
832	0.000000		0.048000	190
833	0.000000		0.048000	190
834	0.000000		0.048000	191
835	0.000000		0.048000	191
836	0.000000		0.048000	191
837	0.000000		0.048000	191
838	0.000000		0.048000	191
839	0.000000		0.048000	192
840	0.000000		0.048000	192
841	0.000000		0.048000	192
842	0.000000		0.048000	192
843	0.000000		0.048000	193
844	0.000000		0.048000	193
845	0.000000		0.048000	193
846	0.000000		0.048000	193
847	0.000000		0.048000	194
848	0.000000		0.048000	194
849	0.000000		0.048000	194
850	0.000000		0.048000	194
851	0.000000		0.048000	194
852	0.000000		0.048000	195
853	0.000000		0.048000	195
854	0.000000		0.048000	195
855	0.000000		0.048000	195
856	0.000000		0.048000	196
857	0.000000		0.048000	196
858	0.000000		0.048000	196
859	0.000000		0.048000	196
860	0.000000		0.048000	196
861	0.000000		0.048000	197
862	0.000000		0.048000	197
863	0.000000		0.048000	197
864	0.000000		0.048000	197
865	0.000000		0.048000	198
866	0.000000		0.048000	198
867	0.000000		0.048000	198
868	0.000000		0.048000	198
869	0.000000		0.048000	199
870	0.000000		0.048000	199
871	0.000000		0.048000	199
872	0.000000		0.048000	199
873	0.000000		0.048000	199
874	0.000000		0.048000	200
875	0.000000		0.048000	200
876	0.000000		0.048000	200
877	0.000000		0.048000	200
878	0.000000		0.048000	201
879	0.000000		0.048000	201
880	0.000000		0.048000	201
881	0.000000		0.048000	201
882	0.000000		0.048000	202
883	0.000000		0.048000	202
884	0.000000		0.048000	202
885	0.000000		0.048000	202
886	0.000000		0.048000	202
887	0.000000		0.048000	203
888	0.000000		0.048000	203
889	0.000000		0.048000	203
890	0.000000		0.048000	203
891	0.000000		0.048000	204
892	0.000000		0.048000	204
893	0.000000		0.048000	204
894	0.000000		0.048000	204
895	0.000000		0.048000	204
896	0.000000		0.048000	205
897	0.000000		0.048000	205
898	0.000000		0.048000	205
899	0.000000		0.048000	205
900	0.000000		0.048000	206
901	0.000000		0.048000	206
902	0.000000		0.048000	206
903	0.000000		0.048000	206
904	0.000000		0.048000	207
905	0.000000		0.048000	207
906	0.000000		0.048000	207
907	0.000000		0.048000	207
908	0.000000		0.048000	207
909	0.000000		0.048000	208
910	0.000000		0.048000	208
911	0.000000		0.048000	208
912	0.000000		0.048000	208
913	0.000000		0.048000	209
914	0.000000		0.048000	209
915	0.000000		0.048000	209
916	0.000000		0.048000	209
917	0.000000		0.048000	210
918	0.000000		0.048000	210
919	0.000000		0.048000	210
920	0.000000		0.048000	210
921	0.000000		0.048000	210
922	0.000000		0.048000	211
923	0.000000		0.048000	211
924	0.000000		0.048000	211
925	0.000000		0.048000	211
926	0.000000		0.048000	212
927	0.000000		0.048000	212
928	0.000000		0.048000	212
929	0.000000		0.048000	212
930	0.000000		0.048000	212
931	0.000000		0.048000	213
932	0.000000		0.048000	213
933	0.000000		0.048000	213
934	0.000000		0.048000	213
935	0.000000		0.048000	214
936	0.000000		0.048000	214
937	0.000000		0.052000	214
938	0.000000		0.048000	214
939	0.000000		0.048000	215
940	0.000000		0.048000	215
941	0.000000		0.048000	215
942	0.000000		0.048000	215
943	0.000000		0.048000	215
944	0.000000		0.048000	216
945	0.000000		0.048000	216
946	0.000000		0.048000	216
947	0.000000		0.048000	216
948	0.000000		0.048000	217
949	0.000000		0.048000	217
950	0.000000		0.048000	217
951	0.000000		0.048000	217
952	0.000000		0.048000	218
953	0.000000		0.048000	218
954	0.000000		0.048000	218
955	0.000000		0.048000	218
956	0.000000		0.048000	218
957	0.000000		0.048000	219
958	0.000000		0.048000	219
959	0.000000		0.048000	219
960	0.000000		0.048000	219
961	0.000000		0.048000	220
962	0.000000		0.048000	220
963	0.000000		0.048000	220
964	0.000000		0.048000	220
965	0.000000		0.048000	220
966	0.000000		0.048000	221
967	0.000000		0.048000	221
968	0.000000		0.048000	221
969	0.000000		0.048000	221
970	0.000000		0.048000	222
971	0.000000		0.048000	222
972	0.000000		0.048000	222
973	0.000000		0.048000	222
974	0.000000		0.048000	223
975	0.000000		0.048000	223
976	0.000000		0.048000	223
977	0.000000		0.048000	223
978	0.000000		0.052000	223
979	0.000000		0.048000	224
980	0.000000		0.052000	224
981	0.000000		0.048000	224
982	0.000000		0.052000	224
983	0.000000		0.048000	225
984	0.000000		0.052000	225
985	0.000000		0.048000	225
986	0.000000		0.052000	225
987	0.000000		0.048000	226
988	0.000000		0.048000	226
989	0.000000		0.048000	226
990	0.000000		0.048000	226
991	0.000000		0.048000	226
992	0.000000		0.048000	227
993	0.000000		0.048000	227
994	0.000000		0.048000	227
995	0.000000		0.048000	227
996	0.000000		0.052000	228
997	0.000000		0.048000	228
998	0.000000		0.052000	228
999	0.000000		0.048000	228
1000	0.000000		0.052000	228
1001	0.000000		0.052000	229
1002	0.000000		0.052000	229
1003	0.000000		0.052000	229
1004	0.000000		0.052000	229
1005	0.000000		0.052000	230
1006	0.000000		0.052000	230
1007	0.000000		0.052000	230
1008	0.000000		0.052000	230
1009	0.000000		0.052000	231
1010	0.000000		0.052000	231
1011	0.000000		0.052000	231
1012	0.000000		0.052000	231
1013	0.000000		0.052000	231
1014	0.000000		0.052000	232
1015	0.000000		0.052000	232
1016	0.000000		0.052000	232
1017	0.000000		0.052000	232
1018	0.000000		0.052000	233
1019	0.000000		0.052000	233
1020	0.000000		0.052000	233
1021	0.000000		0.052000	233
1022	0.000000		0.052000	234
1023	0.000000		0.052000	234
1024	0.000000		0.052000	234
1025	0.000000		0.052000	234
1026	0.000000		0.052000	234
1027	0.000000		0.052000	235
1028	0.000000		0.052000	235
1029	0.000000		0.052000	235
1030	0.000000		0.052000	235
1031	0.000000		0.052000	236
1032	0.000000		0.052000	236
1033	0.000000		0.052000	236
1034	0.000000		0.052000	236
1035	0.000000		0.052000	236
1036	0.000000		0.052000	237
1037	0.000000		0.052000	237
1038	0.000000		0.052000	237
1039	0.000000		0.048000	237
1040	0.000000		0.052000	238
1041	0.000000		0.048000	238
1042	0.000000		0.052000	238
1043	0.000000		0.052000	238
1044	0.000000		0.052000	239
1045	0.000000		0.048000	239
1046	0.000000		0.052000	239
1047	0.000000		0.048000	239
1048	0.000000		0.052000	239
1049	0.000000		0.048000	240
1050	0.000000		0.052000	240
1051	0.000000		0.052000	240
1052	0.000000		0.052000	240
1053	0.000000		0.052000	241
1054	0.000000		0.052000	241
1055	0.000000		0.052000	241
1056	0.000000		0.052000	241
1057	0.000000		0.052000	242
1058	0.000000		0.052000	242
1059	0.000000		0.052000	242
1060	0.000000		0.052000	242
1061	0.000000		0.052000	242
1062	0.000000		0.052000	243
1063	0.000000		0.052000	243
1064	0.000000		0.052000	243
1065	0.000000		0.052000	243
1066	0.000000		0.052000	244
1067	0.000000		0.052000	244
1068	0.000000		0.052000	244
1069	0.000000		0.052000	244
1070	0.000000		0.052000	244
1071	0.000000		0.052000	245
1072	0.000000		0.052000	245
1073	0.000000		0.052000	245
1074	0.000000		0.052000	245
1075	0.000000		0.052000	246
1076	0.000000		0.052000	246
1077	0.000000		0.052000	246
1078	0.000000		0.052000	246
1079	0.000000		0.052000	247
1080	0.000000		0.052000	247
1081	0.000000		0.052000	247
1082	0.000000		0.052000	247
1083	0.000000		0.052000	247
1084	0.000000		0.052000	248
1085	0.000000		0.052000	248
1086	0.000000		0.052000	248
1087	0.000000		0.052000	248
1088	0.000000		0.052000	249
1089	0.000000		0.052000	249
1090	0.000000		0.052000	249
1091	0.000000		0.052000	249
1092	0.000000		0.052000	250
1093	0.000000		0.052000	250
1094	0.000000		0.052000	250
1095	0.000000		0.052000	250
1096	0.000000		0.052000	250
1097	0.000000		0.052000	251
1098	0.000000		0.052000	251
1099	0.000000		0.052000	251
1100	0.000000		0.052000	251
1101	0.000000		0.052000	252
1102	0.000000		0.052000	252
1103	0.000000		0.052000	252
1104	0.000000		0.052000	252
1105	0.000000		0.052000	252
1106	0.000000		0.052000	253
1107	0.000000		0.052000	253
1108	0.000000		0.052000	253
1109	0.000000		0.052000	253
1110	0.000000		0.052000	254
1111	0.000000		0.052000	254
1112	0.000000		0.052000	254
1113	0.000000		0.052000	254
1114	0.000000		0.052000	255
1115	0.000000		0.052000	255
1116	0.000000		0.052000	255
1117	0.000000		0.052000	255
1118	0.000000		0.052000	255
1119	0.000000		0.052000	256
1120	0.000000		0.052000	256
1121	0.000000		0.052000	256
1122	0.000000		0.052000	256
1123	0.000000		0.052000	257
1124	0.000000		0.052000	257
1125	0.000000		0.052000	257
1126	0.000000		0.052000	257
1127	0.000000		0.052000	257
1128	0.000000		0.052000	258
1129	0.000000		0.052000	258
1130	0.000000		0.052000	258
1131	0.000000		0.052000	258
1132	0.000000		0.052000	259
1133	0.000000		0.052000	259
1134	0.000000		0.052000	259
1135	0.000000		0.052000	259
1136	0.000000		0.052000	260
1137	0.000000		0.052000	260
1138	0.000000		0.052000	260
1139	0.000000		0.052000	260
1140	0.000000		0.052000	260
1141	0.000000		0.052000	261
1142	0.000000		0.052000	261
1143	0.000000		0.052000	261
1144	0.000000		0.052000	261
1145	0.000000		0.052000	262
1146	0.000000		0.052000	262
1147	0.000000		0.052000	262
1148	0.000000		0.052000	262
1149	0.000000		0.052000	262
1150	0.000000		0.052000	263
1151	0.000000		0.052000	263
1152	0.000000		0.052000	263
1153	0.000000		0.052000	263
1154	0.000000		0.052000	264
1155	0.000000		0.052000	264
1156	0.000000		0.052000	264
1157	0.000000		0.052000	264
1158	0.000000		0.052000	265
1159	0.000000		0.052000	265
1160	0.000000		0.052000	265
1161	0.000000		0.052000	265
1162	0.000000		0.052000	265
1163	0.000000		0.052000	266
1164	0.000000		0.052000	266
1165	0.000000		0.052000	266
1166	0.000000		0.052000	266
1167	0.000000		0.052000	267
1168	0.000000		0.052000	267
1169	0.000000		0.052000	267
1170	0.000000		0.052000	267
1171	0.000000		0.052000	267
1172	0.000000		0.052000	268
1173	0.000000		0.052000	268
1174	0.000000		0.052000	268
1175	0.000000		0.052000	268
1176	0.000000		0.052000	269
1177	0.000000		0.052000	269
1178	0.000000		0.052000	269
1179	0.000000		0.052000	269
1180	0.000000		0.052000	270
1181	0.000000		0.052000	270
1182	0.000000		0.052000	270
1183	0.000000		0.052000	270
1184	0.000000		0.052000	270
1185	0.000000		0.052000	271
1186	0.000000		0.052000	271
1187	0.000000		0.056000	271
1188	0.000000		0.056000	271
1189	0.000000		0.056000	272
1190	0.000000		0.056000	272
1191	0.000000		0.056000	272
1192	0.000000		0.056000	272
1193	0.000000		0.056000	272
1194	0.000000		0.052000	273
1195	0.000000		0.052000	273
1196	0.000000		0.052000	273
1197	0.000000		0.052000	273
1198	0.000000		0.052000	274
1199	0.000000		0.052000	274
1200	0.000000		0.052000	274
1201	0.000000		0.052000	274
1202	0.000000		0.052000	275
1203	0.000000		0.052000	275
1204	0.000000		0.052000	275
1205	0.000000		0.052000	275
1206	0.000000		0.052000	275
1207	0.000000		0.052000	276
1208	0.000000		0.052000	276
1209	0.000000		0.052000	276
1210	0.000000		0.052000	276
1211	0.000000		0.052000	277
1212	0.000000		0.052000	277
1213	0.000000		0.052000	277
1214	0.000000		0.052000	277
1215	0.000000		0.052000	277
1216	0.000000		0.052000	278
1217	0.000000		0.052000	278
1218	0.000000		0.052000	278
1219	0.000000		0.052000	278
1220	0.000000		0.052000	279
1221	0.000000		0.052000	279
1222	0.000000		0.052000	279
1223	0.000000		0.052000	279
1224	0.000000		0.052000	280
1225	0.000000		0.052000	280
1226	0.000000		0.052000	280
1227	0.000000		0.052000	280
1228	0.000000		0.052000	280
1229	0.000000		0.052000	281
1230	0.000000		0.052000	281
1231	0.000000		0.052000	281
1232	0.000000		0.052000	281
1233	0.000000		0.052000	282
1234	0.000000		0.052000	282
1235	0.000000		0.052000	282
1236	0.000000		0.052000	282
1237	0.000000		0.052000	282
1238	0.000000		0.052000	283
1239	0.000000		0.052000	283
1240	0.000000		0.052000	283
1241	0.000000		0.052000	283
1242	0.000000		0.052000	284
1243	0.000000		0.052000	284
1244	0.000000		0.052000	284
1245	0.000000		0.052000	284
1246	0.000000		0.052000	285
1247	0.000000		0.052000	285
1248	0.000000		0.052000	285
1249	0.000000		0.052000	285
1250	0.000000		0.052000	285
1251	0.000000		0.052000	286
1252	0.000000		0.052000	286
1253	0.000000		0.052000	286
1254	0.000000		0.052000	286
1255	0.000000		0.052000	287
1256	0.000000		0.052000	287
1257	0.000000		0.052000	287
1258	0.000000		0.052000	287
1259	0.000000		0.052000	287
1260	0.000000		0.052000	288
1261	0.000000		0.052000	288
1262	0.000000		0.052000	288
1263	0.000000		0.052000	288
1264	0.000000		0.052000	289
1265	0.000000		0.052000	289
1266	0.000000		0.052000	289
1267	0.000000		0.052000	289
1268	0.000000		0.052000	290
1269	0.000000		0.052000	290
1270	0.000000		0.052000	290
1271	0.000000		0.052000	290
1272	0.000000		0.052000	290
1273	0.000000		0.052000	291
1274	0.000000		0.052000	291
1275	0.000000		0.052000	291
1276	0.000000		0.052000	291
1277	0.000000		0.052000	292
1278	0.000000		0.052000	292
1279	0.000000		0.052000	292
1280	0.000000		0.052000	292
1281	0.000000		0.052000	292
1282	0.000000		0.052000	293
1283	0.000000		0.052000	293
1284	0.000000		0.052000	293
1285	0.000000		0.052000	293
1286	0.000000		0.052000	294
1287	0.000000		0.052000	294
1288	0.000000		0.052000	294
1289	0.000000		0.052000	294
1290	0.000000		0.052000	295
1291	0.000000		0.052000	295
1292	0.000000		0.052000	295
1293	0.000000		0.052000	295
1294	0.000000		0.052000	295
1295	0.000000		0.052000	296
1296	0.000000		0.052000	296
1297	0.000000		0.052000	296
1298	0.000000		0.052000	296
1299	0.000000		0.052000	297
1300	0.000000		0.052000	297
1301	0.000000		0.052000	297
1302	0.000000		0.052000	297
1303	0.000000		0.052000	297
1304	0.000000		0.052000	298
1305	0.000000		0.052000	298
1306	0.000000		0.052000	298
1307	0.000000		0.052000	298
1308	0.000000		0.052000	299
1309	0.000000		0.052000	299
1310	0.000000		0.052000	299
1311	0.000000		0.052000	299
1312	0.000000		0.052000	300
1313	0.000000		0.052000	300
1314	0.000000		0.052000	300
1315	0.000000		0.052000	300
1316	0.000000		0.052000	300
1317	0.000000		0.052000	301
1318	0.000000		0.052000	301
1319	0.000000		0.052000	301
1320	0.000000		0.052000	301
1321	0.000000		0.052000	302
1322	0.000000		0.052000	302
1323	0.000000		0.052000	302
1324	0.000000		0.052000	302
1325	0.000000		0.052000	302
1326	0.000000		0.052000	303
1327	0.000000		0.052000	303
1328	0.000000		0.052000	303
1329	0.000000		0.052000	303
1330	0.000000		0.052000	304
1331	0.000000		0.052000	304
1332	0.000000		0.052000	304
1333	0.000000		0.052000	304
1334	0.000000		0.052000	304
1335	0.000000		0.052000	305
1336	0.000000		0.052000	305
1337	0.000000		0.052000	305
1338	0.000000		0.052000	305
1339	0.000000		0.052000	306
1340	0.000000		0.052000	306
1341	0.000000		0.052000	306
1342	0.000000		0.052000	306
1343	0.000000		0.052000	307
1344	0.000000		0.052000	307
1345	0.000000		0.052000	307
1346	0.000000		0.052000	307
1347	0.000000		0.052000	307
1348	0.000000		0.052000	308
1349	0.000000		0.052000	308
1350	0.000000		0.052000	308
1351	0.000000		0.052000	308
1352	0.000000		0.052000	309
1353	0.000000		0.052000	309
1354	0.000000		0.052000	309
1355	0.000000		0.052000	309
1356	0.000000		0.052000	309
1357	0.000000		0.052000	310
1358	0.000000		0.052000	310
1359	0.000000		0.052000	310
1360	0.000000		0.052000	310
1361	0.000000		0.052000	311
1362	0.000000		0.052000	311
1363	0.000000		0.052000	311
1364	0.000000		0.052000	311
1365	0.000000		0.052000	312
1366	0.000000		0.052000	312
1367	0.000000		0.052000	312
1368	0.000000		0.052000	312
1369	0.000000		0.052000	312
1370	0.000000		0.052000	313
1371	0.000000		0.052000	313
1372	0.000000		0.052000	313
1373	0.000000		0.052000	313
1374	0.000000		0.052000	314
1375	0.000000		0.052000	314
1376	0.000000		0.052000	314
1377	0.000000		0.052000	314
1378	0.000000		0.052000	314
1379	0.000000		0.052000	315
1380	0.000000		0.052000	315
1381	0.000000		0.052000	315
1382	0.000000		0.052000	315
1383	0.000000		0.052000	316
1384	0.000000		0.052000	316
1385	0.000000		0.052000	316
1386	0.000000		0.052000	316
1387	0.000000		0.052000	317
1388	0.000000		0.052000	317
1389	0.000000		0.052000	317
1390	0.000000		0.052000	317
1391	0.000000		0.052000	317
1392	0.000000		0.052000	318
1393	0.000000		0.052000	318
1394	0.000000		0.052000	318
1395	0.000000		0.052000	318
1396	0.000000		0.052000	319
1397	0.000000		0.052000	319
1398	0.000000		0.052000	319
1399	0.000000		0.052000	319
1400	0.000000		0.052000	319
1401	0.000000		0.052000	320
1402	0.000000		0.052000	320
1403	0.000000		0.052000	320
1404	0.000000		0.052000	320
1405	0.000000		0.052000	321
1406	0.000000		0.052000	321
1407	0.000000		0.052000	321
1408	0.000000		0.052000	321
1409	0.000000		0.052000	322
1410	0.000000		0.052000	322
1411	0.000000		0.052000	322
1412	0.000000		0.052000	322
1413	0.000000		0.052000	322
1414	0.000000		0.052000	323
1415	0.000000		0.052000	323
1416	0.000000		0.052000	323
1417	0.000000		0.052000	323
1418	0.000000		0.052000	324
1419	0.000000		0.052000	324
1420	0.000000		0.052000	324
1421	0.000000		0.052000	324
1422	0.000000		0.052000	324
1423	0.000000		0.052000	325
1424	0.000000		0.052000	325
1425	0.000000		0.052000	325
1426	0.000000		0.052000	325
1427	0.000000		0.052000	326
1428	0.000000		0.052000	326
1429	0.000000		0.052000	326
1430	0.000000		0.052000	326
1431	0.000000		0.052000	327
1432	0.000000		0.052000	327
1433	0.000000		0.052000	327
1434	0.000000		0.052000	327
1435	0.000000		0.052000	327
1436	0.000000		0.052000	328
1437	0.000000		0.052000	328
1438	0.000000		0.052000	328
1439	0.000000		0.052000	328
1440	0.000000		0.052000	329
1441	0.000000		0.052000	329
1442	0.000000		0.052000	329
1443	0.000000		0.052000	329
1444	0.000000		0.052000	329
1445	0.000000		0.052000	330
1446	0.000000		0.052000	330
1447	0.000000		0.052000	330
1448	0.000000		0.052000	330
1449	0.000000		0.052000	331
1450	0.000000		0.052000	331
1451	0.000000		0.052000	331
1452	0.000000		0.052000	331
1453	0.000000		0.052000	332
1454	0.000000		0.052000	332
1455	0.000000		0.052000	332
1456	0.000000		0.052000	332
1457	0.000000		0.052000	332
1458	0.000000		0.052000	333
1459	0.000000		0.052000	333
1460	0.000000		0.052000	333
1461	0.000000		0.052000	333
1462	0.000000		0.052000	334
1463	0.000000		0.052000	334
1464	0.000000		0.052000	334
1465	0.000000		0.052000	334
1466	0.000000		0.052000	334
1467	0.000000		0.052000	335
1468	0.000000		0.052000	335
1469	0.000000		0.052000	335
1470	0.000000		0.052000	335
1471	0.000000		0.052000	336
1472	0.000000		0.052000	336
1473	0.000000		0.052000	336
1474	0.000000		0.052000	336
1475	0.000000		0.052000	337
1476	0.000000		0.052000	337
1477	0.000000		0.052000	337
1478	0.000000		0.052000	337
1479	0.000000		0.052000	337
1480	0.000000		0.052000	338
1481	0.000000		0.052000	338
1482	0.000000		0.052000	338
1483	0.000000		0.052000	338
1484	0.000000		0.052000	339
1485	0.000000		0.052000	339
1486	0.000000		0.052000	339
1487	0.000000		0.052000	339
1488	0.000000		0.052000	339
1489	0.000000		0.052000	340
1490	0.000000		0.052000	340
1491	0.000000		0.052000	340
1492	0.000000		0.052000	340
1493	0.000000		0.052000	341
1494	0.000000		0.052000	341
1495	0.000000		0.052000	341
1496	0.000000		0.052000	341
1497	0.000000		0.052000	342
1498	0.000000		0.052000	342
1499	0.000000		0.052000	342
1500	0.000000		0.052000	342
1501	0.000000		0.052000	342
1502	0.000000		0.052000	343
1503	0.000000		0.052000	343
1504	0.000000		0.052000	343
1505	0.000000		0.052000	343
1506	0.000000		0.052000	344
1507	0.000000		0.052000	344
1508	0.000000		0.052000	344
1509	0.000000		0.052000	344
1510	0.000000		0.052000	344
1511	0.000000		0.052000	345
1512	0.000000		0.052000	345
1513	0.000000		0.052000	345
1514	0.000000		0.052000	345
1515	0.000000		0.052000	346
1516	0.000000		0.052000	346
1517	0.000000		0.052000	346
1518	0.000000		0.052000	346
1519	0.000000		0.052000	347
1520	0.000000		0.052000	347
1521	0.000000		0.052000	347
1522	0.000000		0.052000	347
1523	0.000000		0.052000	347
1524	0.000000		0.052000	348
1525	0.000000		0.052000	348
1526	0.000000		0.052000	348
1527	0.000000		0.052000	348
1528	0.000000		0.052000	349
1529	0.000000		0.052000	349
1530	0.000000		0.052000	349
1531	0.000000		0.052000	349
1532	0.000000		0.052000	349
1533	0.000000		0.052000	350
1534	0.000000		0.052000	350
1535	0.000000		0.052000	350
1536	0.000000		0.052000	350
1537	0.000000		0.052000	351
1538	0.000000		0.052000	351
1539	0.000000		0.052000	351
1540	0.000000		0.052000	351
1541	0.000000		0.052000	352
1542	0.000000		0.052000	352
1543	0.000000		0.052000	352
1544	0.000000		0.052000	352
1545	0.000000		0.052000	352
1546	0.000000		0.052000	353
1547	0.000000		0.052000	353
1548	0.000000		0.052000	353
1549	0.000000		0.052000	353
1550	0.000000		0.052000	354
1551	0.000000		0.052000	354
1552	0.000000		0.052000	354
1553	0.000000		0.052000	354
1554	0.000000		0.052000	354
1555	0.000000		0.052000	355
1556	0.000000		0.052000	355
1557	0.000000		0.052000	355
1558	0.000000		0.052000	355
1559	0.000000		0.052000	356
1560	0.000000		0.052000	356
1561	0.000000		0.052000	356
1562	0.000000		0.052000	356
1563	0.000000		0.052000	357
1564	0.000000		0.052000	357
1565	0.000000		0.052000	357
1566	0.000000		0.052000	357
1567	0.000000		0.052000	357
1568	0.000000		0.052000	358
1569	0.000000		0.052000	358
1570	0.000000		0.052000	358
1571	0.000000		0.052000	358
1572	0.000000		0.052000	359
1573	0.000000		0.052000	359
1574	0.000000		0.052000	359
1575	0.000000		0.052000	359
1576	0.000000		0.052000	359
1577	0.000000		0.052000	360
1578	0.000000		0.052000	360
1579	0.000000		0.052000	360
1580	0.000000		0.052000	360
1581	0.000000		0.052000	361
1582	0.000000		0.052000	361
1583	0.000000		0.052000	361
1584	0.000000		0.052000	361
1585	0.000000		0.052000	362
1586	0.000000		0.052000	362
1587	0.000000		0.052000	362
1588	0.000000		0.052000	362
1589	0.000000		0.052000	362
1590	0.000000		0.052000	363
1591	0.000000		0.052000	363
1592	0.000000		0.052000	363
1593	0.000000		0.052000	363
1594	0.000000		0.052000	364
1595	0.000000		0.052000	364
1596	0.000000		0.052000	364
1597	0.000000		0.052000	364
1598	0.000000		0.052000	364
1599	0.000000		0.052000	365
1600	0.000000		0.052000	365
1601	0.000000		0.052000	365
1602	0.000000		0.052000	365
1603	0.000000		0.052000	366
1604	0.000000		0.052000	366
1605	0.000000		0.052000	366
1606	0.000000		0.052000	366
1607	0.000000		0.052000	367
1608	0.000000		0.052000	367
1609	0.000000		0.052000	367
1610	0.000000		0.052000	367
1611	0.000000		0.052000	367
1612	0.000000		0.052000	368
1613	0.000000		0.052000	368
1614	0.000000		0.052000	368
1615	0.000000		0.052000	368
1616	0.000000		0.052000	369
1617	0.000000		0.052000	369
1618	0.000000		0.052000	369
1619	0.000000		0.052000	369
1620	0.000000		0.052000	369
1621	0.000000		0.052000	370
1622	0.000000		0.052000	370
1623	0.000000		0.052000	370
1624	0.000000		0.052000	370
1625	0.000000		0.052000	371
1626	0.000000		0.052000	371
1627	0.000000		0.052000	371
1628	0.000000		0.052000	371
1629	0.000000		0.052000	372
1630	0.000000		0.052000	372
1631	0.000000		0.052000	372
1632	0.000000		0.052000	372
1633	0.000000		0.052000	372
1634	0.000000		0.052000	373
1635	0.000000		0.052000	373
1636	0.000000		0.052000	373
1637	0.000000		0.052000	373
1638	0.000000		0.052000	374
1639	0.000000		0.052000	374
1640	0.000000		0.052000	374
1641	0.000000		0.052000	374
1642	0.000000		0.052000	374
1643	0.000000		0.052000	375
1644	0.000000		0.052000	375
1645	0.000000		0.052000	375
1646	0.000000		0.052000	375
1647	0.000000		0.052000	376
1648	0.000000		0.052000	376
1649	0.000000		0.052000	376
1650	0.000000		0.052000	376
1651	0.000000		0.052000	377
1652	0.000000		0.052000	377
1653	0.000000		0.052000	377
1654	0.000000		0.052000	377
1655	0.000000		0.052000	377
1656	0.000000		0.052000	378
1657	0.000000		0.052000	378
1658	0.000000		0.052000	378
1659	0.000000		0.052000	378
1660	0.000000		0.052000	379
1661	0.000000		0.052000	379
1662	0.000000		0.052000	379
1663	0.000000		0.052000	379
1664	0.000000		0.052000	379
1665	0.000000		0.052000	380
1666	0.000000		0.052000	380
1667	0.000000		0.052000	380
1668	0.000000		0.052000	380
1669	0.000000		0.052000	381
1670	0.000000		0.052000	381
1671	0.000000		0.052000	381
1672	0.000000		0.052000	381
1673	0.000000		0.052000	382
1674	0.000000		0.052000	382
1675	0.000000		0.052000	382
1676	0.000000		0.052000	382
1677	0.000000		0.052000	382
1678	0.000000		0.052000	383
1679	0.000000		0.052000	383
1680	0.000000		0.052000	383
1681	0.000000		0.052000	383
1682	0.000000		0.052000	384
1683	0.000000		0.052000	384
1684	0.000000		0.052000	384
1685	0.000000		0.052000	384
1686	0.000000		0.052000	384
1687	0.000000		0.052000	385
1688	0.000000		0.052000	385
1689	0.000000		0.052000	385
1690	0.000000		0.052000	385
1691	0.000000		0.052000	386
1692	0.000000		0.052000	386
1693	0.000000		0.052000	386
1694	0.000000		0.052000	386
1695	0.000000		0.052000	387
1696	0.000000		0.052000	387
1697	0.000000		0.052000	387
1698	0.000000		0.052000	387
1699	0.000000		0.052000	387
1700	0.000000		0.052000	388
1701	0.000000		0.052000	388
1702	0.000000		0.052000	388
1703	0.000000		0.052000	388
1704	0.000000		0.052000	389
1705	0.000000		0.052000	389
1706	0.000000		0.052000	389
1707	0.000000		0.052000	389
1708	0.000000		0.052000	389
1709	0.000000		0.052000	390
1710	0.000000		0.052000	390
1711	0.000000		0.052000	390
1712	0.000000		0.052000	390
1713	0.000000		0.052000	391
1714	0.000000		0.052000	391
1715	0.000000		0.052000	391
1716	0.000000		0.052000	391
1717	0.000000		0.052000	392
1718	0.000000		0.052000	392
1719	0.000000		0.052000	392
1720	0.000000		0.052000	392
1721	0.000000		0.052000	392
1722	0.000000		0.052000	393
1723	0.000000		0.052000	393
1724	0.000000		0.052000	393
1725	0.000000		0.052000	393
1726	0.000000		0.052000	394
1727	0.000000		0.052000	394
1728	0.000000		0.052000	394
1729	0.000000		0.052000	394
1730	0.000000		0.052000	394
1731	0.000000		0.052000	395
1732	0.000000		0.052000	395
1733	0.000000		0.052000	395
1734	0.000000		0.052000	395
1735	0.000000		0.052000	396
1736	0.000000		0.052000	396
1737	0.000000		0.052000	396
1738	0.000000		0.052000	396
1739	0.000000		0.052000	397
1740	0.000000		0.052000	397
1741	0.000000		0.052000	397
1742	0.000000		0.052000	397
1743	0.000000		0.052000	397
1744	0.000000		0.052000	398
1745	0.000000		0.052000	398
1746	0.000000		0.052000	398
1747	0.000000		0.052000	398
1748	0.000000		0.052000	399
1749	0.000000		0.052000	399
1750	0.000000		0.052000	399
1751	0.000000		0.052000	399
1752	0.000000		0.052000	399
1753	0.000000		0.052000	400
1754	0.000000		0.052000	400
1755	0.000000		0.052000	400
1756	0.000000		0.052000	400
1757	0.000000		0.052000	401
1758	0.000000		0.052000	401
1759	0.000000		0.052000	401
1760	0.000000		0.052000	401
1761	0.000000		0.052000	402
1762	0.000000		0.052000	402
1763	0.000000		0.052000	402
1764	0.000000		0.052000	402
1765	0.000000		0.052000	402
1766	0.000000		0.052000	403
1767	0.000000		0.052000	403
1768	0.000000		0.052000	403
1769	0.000000		0.052000	403
1770	0.000000		0.052000	404
1771	0.000000		0.052000	404
1772	0.000000		0.052000	404
1773	0.000000		0.052000	404
1774	0.000000		0.052000	404
1775	0.000000		0.052000	405
1776	0.000000		0.052000	405
1777	0.000000		0.052000	405
1778	0.000000		0.052000	405
1779	0.000000		0.052000	406
1780	0.000000		0.052000	406
1781	0.000000		0.052000	406
1782	0.000000		0.052000	406
1783	0.000000		0.052000	407
1784	0.000000		0.052000	407
1785	0.000000		0.052000	407
1786	0.000000		0.052000	407
1787	0.000000		0.052000	407
1788	0.000000		0.052000	408
1789	0.000000		0.052000	408
1790	0.000000		0.052000	408
1791	0.000000		0.052000	408
1792	0.000000		0.052000	409
1793	0.000000		0.052000	409
1794	0.000000		0.052000	409
1795	0.000000		0.052000	409
1796	0.000000		0.052000	409
1797	0.000000		0.052000	410
1798	0.000000		0.052000	410
1799	0.000000		0.052000	410
1800	0.000000		0.052000	410
1801	0.000000		0.052000	411
1802	0.000000		0.052000	411
1803	0.000000		0.052000	411
1804	0.000000		0.052000	411
1805	0.000000		0.052000	412
1806	0.000000		0.052000	412
1807	0.000000		0.052000	412
1808	0.000000		0.052000	412
1809	0.000000		0.052000	412
1810	0.000000		0.052000	413
1811	0.000000		0.052000	413
1812	0.000000		0.052000	413
1813	0.000000		0.052000	413
1814	0.000000		0.052000	414
1815	0.000000		0.052000	414
1816	0.000000		0.052000	414
1817	0.000000		0.052000	414
1818	0.000000		0.052000	414
1819	0.000000		0.052000	415
1820	0.000000		0.052000	415
1821	0.000000		0.052000	415
1822	0.000000		0.052000	415
1823	0.000000		0.052000	416
1824	0.000000		0.052000	416
1825	0.000000		0.052000	416
1826	0.000000		0.052000	416
1827	0.000000		0.052000	417
1828	0.000000		0.052000	417
1829	0.000000		0.052000	417
1830	0.000000		0.052000	417
1831	0.000000		0.052000	417
1832	0.000000		0.052000	418
1833	0.000000		0.052000	418
1834	0.000000		0.052000	418
1835	0.000000		0.052000	418
1836	0.000000		0.052000	419
1837	0.000000		0.052000	419
1838	0.000000		0.052000	419
1839	0.000000		0.052000	419
1840	0.000000		0.052000	419
1841	0.000000		0.052000	420
1842	0.000000		0.052000	420
1843	0.000000		0.052000	420
1844	0.000000		0.052000	420
1845	0.000000		0.052000	421
1846	0.000000		0.052000	421
1847	0.000000		0.052000	421
1848	0.000000		0.052000	421
1849	0.000000		0.052000	422
1850	0.000000		0.052000	422
1851	0.000000		0.052000	422
1852	0.000000		0.052000	422
1853	0.000000		0.052000	422
1854	0.000000		0.052000	423
1855	0.000000		0.052000	423
1856	0.000000		0.052000	423
1857	0.000000		0.052000	423
1858	0.000000		0.052000	424
1859	0.000000		0.052000	424
1860	0.000000		0.052000	424
1861	0.000000		0.052000	424
1862	0.000000		0.052000	424
1863	0.000000		0.052000	425
1864	0.000000		0.052000	425
1865	0.000000		0.052000	425
1866	0.000000		0.052000	425
1867	0.000000		0.052000	426
1868	0.000000		0.052000	426
1869	0.000000		0.052000	426
1870	0.000000		0.052000	426
1871	0.000000		0.052000	426
1872	0.000000		0.052000	427
1873	0.000000		0.052000	427
1874	0.000000		0.052000	427
1875	0.000000		0.052000	427
1876	0.000000		0.052000	428
1877	0.000000		0.052000	428
1878	0.000000		0.052000	428
1879	0.000000		0.052000	428
1880	0.000000		0.052000	429
1881	0.000000		0.052000	429
1882	0.000000		0.052000	429
1883	0.000000		0.052000	429
1884	0.000000		0.052000	429
1885	0.000000		0.052000	430
1886	0.000000		0.052000	430
1887	0.000000		0.052000	430
1888	0.000000		0.052000	430
1889	0.000000		0.052000	431
1890	0.000000		0.052000	431
1891	0.000000		0.052000	431
1892	0.000000		0.052000	431
1893	0.000000		0.052000	431
1894	0.000000		0.052000	432
1895	0.000000		0.052000	432
1896	0.000000		0.052000	432
1897	0.000000		0.052000	432
1898	0.000000		0.052000	433
1899	0.000000		0.052000	433
1900	0.000000		0.052000	433
1901	0.000000		0.052000	433
1902	0.000000		0.052000	434
1903	0.000000		0.052000	434
1904	0.000000		0.052000	434
1905	0.000000		0.052000	434
1906	0.000000		0.052000	434
1907	0.000000		0.052000	435
1908	0.000000		0.052000	435
1909	0.000000		0.052000	435
1910	0.000000		0.052000	435
1911	0.000000		0.052000	436
1912	0.000000		0.052000	436
1913	0.000000		0.052000	436
1914	0.000000		0.052000	436
1915	0.000000		0.052000	436
1916	0.000000		0.052000	437
1917	0.000000		0.052000	437
1918	0.000000		0.052000	437
1919	0.000000		0.052000	437
1920	0.000000		0.052000	438
1921	0.000000		0.052000	438
1922	0.000000		0.052000	438
1923	0.000000		0.052000	438
1924	0.000000		0.052000	439
1925	0.000000		0.052000	439
1926	0.000000		0.052000	439
1927	0.000000		0.052000	439
1928	0.000000		0.052000	439
1929	0.000000		0.052000	440
1930	0.000000		0.052000	440
1931	0.000000		0.052000	440
1932	0.000000		0.052000	440
1933	0.000000		0.052000	441
1934	0.000000		0.052000	441
1935	0.000000		0.052000	441
1936	0.000000		0.052000	441
1937	0.000000		0.052000	441
1938	0.000000		0.052000	442
1939	0.000000		0.052000	442
1940	0.000000		0.052000	442
1941	0.000000		0.052000	442
1942	0.000000		0.052000	443
1943	0.000000		0.052000	443
1944	0.000000		0.052000	443
1945	0.000000		0.052000	443
1946	0.000000		0.052000	444
1947	0.000000		0.052000	444
1948	0.000000		0.052000	444
1949	0.000000		0.052000	444
1950	0.000000		0.052000	444
1951	0.000000		0.052000	445
1952	0.000000		0.052000	445
1953	0.000000		0.052000	445
1954	0.000000		0.052000	445
1955	0.000000		0.052000	446
1956	0.000000		0.052000	446
1957	0.000000		0.052000	446
1958	0.000000		0.052000	446
1959	0.000000		0.052000	446
1960	0.000000		0.052000	447
1961	0.000000		0.052000	447
1962	0.000000		0.052000	447
1963	0.000000		0.052000	447
1964	0.000000		0.052000	448
1965	0.000000		0.052000	448
1966	0.000000		0.052000	448
1967	0.000000		0.052000	448
1968	0.000000		0.052000	449
1969	0.000000		0.052000	449
1970	0.000000		0.052000	449
1971	0.000000		0.052000	449
1972	0.000000		0.052000	449
1973	0.000000		0.052000	450
1974	0.000000		0.052000	450
1975	0.000000		0.052000	450
1976	0.000000		0.052000	450
1977	0.000000		0.052000	451
1978	0.000000		0.052000	451
1979	0.000000		0.052000	451
1980	0.000000		0.052000	451
1981	0.000000		0.052000	451
1982	0.000000		0.052000	452
1983	0.000000		0.052000	452
1984	0.000000		0.052000	452
1985	0.000000		0.052000	452
1986	0.000000		0.052000	453
1987	0.000000		0.052000	453
1988	0.000000		0.052000	453
1989	0.000000		0.052000	453
1990	0.000000		0.052000	454
1991	0.000000		0.052000	454
1992	0.000000		0.052000	454
1993	0.000000		0.052000	454
1994	0.000000		0.052000	454
1995	0.000000		0.052000	455
1996	0.000000		0.052000	455
1997	0.000000		0.052000	455
1998	0.000000		0.052000	455
1999	0.000000		0.052000	456
2000	0.000000		0.052000	456
