0	0.296000		0.328000	0
1	0.060000		0.096000	0
2	0.060000		0.096000	0
3	0.060000		0.096000	0
4	0.060000		0.096000	1
5	0.060000		0.096000	1
6	0.060000		0.096000	1
7	0.060000		0.096000	1
8	0.060000		0.096000	1
9	0.060000		0.096000	2
10	0.060000		0.096000	2
11	0.060000		0.096000	2
12	0.060000		0.096000	2
13	0.060000		0.096000	3
14	0.060000		0.096000	3
15	0.060000		0.096000	3
16	0.060000		0.096000	3
17	0.059556		0.096000	4
18	0.060000		0.096000	4
19	0.059556		0.096000	4
20	0.060444		0.096000	4
21	0.059111		0.096000	4
22	0.060000		0.096000	5
23	0.059556		0.096000	5
24	0.060000		0.096000	5
25	0.060000		0.096000	5
26	0.058667		0.096000	6
27	0.059111		0.096000	6
28	0.058222		0.096000	6
29	0.058667		0.096000	6
30	0.058222		0.096000	6
31	0.058222		0.096000	7
32	0.057778		0.096000	7
33	0.057778		0.096000	7
34	0.057778		0.096000	7
35	0.058222		0.096000	8
36	0.056444		0.092000	8
37	0.057333		0.096000	8
38	0.056444		0.092000	8
39	0.057778		0.096000	9
40	0.056444		0.092000	9
41	0.057333		0.096000	9
42	0.056444		0.096000	9
43	0.056444		0.096000	9
44	0.056000		0.096000	10
45	0.055556		0.096000	10
46	0.057333		0.096000	10
47	0.056000		0.096000	10
48	0.057333		0.096000	11
49	0.055556		0.096000	11
50	0.057333		0.096000	11
51	0.055556		0.096000	11
52	0.057333		0.096000	12
53	0.056000		0.096000	12
54	0.057333		0.096000	12
55	0.056000		0.096000	12
56	0.057333		0.096000	12
57	0.056000		0.096000	13
58	0.055556		0.096000	13
59	0.055556		0.096000	13
60	0.055556		0.096000	13
61	0.055556		0.096000	14
62	0.055556		0.096000	14
63	0.054222		0.096000	14
64	0.056000		0.096000	14
65	0.053333		0.096000	14
66	0.054667		0.096000	15
67	0.053778		0.096000	15
68	0.054222		0.096000	15
69	0.052889		0.096000	15
70	0.054222		0.096000	16
71	0.053333		0.096000	16
72	0.053333		0.096000	16
73	0.052444		0.096000	16
74	0.053333		0.096000	17
75	0.052444		0.096000	17
76	0.053333		0.096000	17
77	0.052444		0.100000	17
78	0.053333		0.096000	17
79	0.052444		0.100000	18
80	0.053333		0.096000	18
81	0.052444		0.100000	18
82	0.053333		0.096000	18
83	0.052444		0.100000	19
84	0.052889		0.100000	19
85	0.053333		0.100000	19
86	0.053333		0.100000	19
87	0.052889		0.100000	20
88	0.052889		0.100000	20
89	0.052444		0.100000	20
90	0.052444		0.100000	20
91	0.052444		0.100000	20
92	0.053333		0.100000	21
93	0.051111		0.100000	21
94	0.052444		0.100000	21
95	0.049778		0.100000	21
96	0.048889		0.100000	22
97	0.049778		0.100000	22
98	0.048444		0.100000	22
99	0.049333		0.100000	22
100	0.048000		0.104000	23
101	0.048000		0.100000	23
102	0.047556		0.104000	23
103	0.047111		0.100000	23
104	0.047556		0.104000	23
105	0.047111		0.100000	24
106	0.047556		0.104000	24
107	0.047111		0.100000	24
108	0.046667		0.104000	24
109	0.046222		0.100000	25
110	0.045778		0.100000	25
111	0.045778		0.100000	25
112	0.045333		0.104000	25
113	0.044000		0.100000	25
114	0.044889		0.100000	26
115	0.044889		0.100000	26
116	0.045333		0.100000	26
117	0.044444		0.100000	26
118	0.044444		0.100000	27
119	0.044444		0.100000	27
120	0.044889		0.104000	27
121	0.044444		0.104000	27
122	0.043556		0.108000	28
123	0.044000		0.104000	28
124	0.044000		0.108000	28
125	0.044000		0.104000	28
126	0.044000		0.108000	28
127	0.044444		0.104000	29
128	0.044000		0.108000	29
129	0.045333		0.108000	29
130	0.045333		0.108000	29
131	0.041778		0.108000	30
132	0.044444		0.108000	30
133	0.041333		0.108000	30
134	0.043556		0.108000	30
135	0.042667		0.108000	31
136	0.043111		0.108000	31
137	0.043556		0.104000	31
138	0.042667		0.108000	31
139	0.043111		0.104000	31
140	0.042667		0.104000	32
141	0.044000		0.104000	32
142	0.042667		0.104000	32
143	0.043556		0.100000	32
144	0.042667		0.100000	33
145	0.043556		0.100000	33
146	0.042667		0.100000	33
147	0.043556		0.100000	33
148	0.042667		0.100000	33
149	0.043556		0.100000	34
150	0.041778		0.100000	34
151	0.042222		0.100000	34
152	0.041333		0.100000	34
153	0.042222		0.100000	35
154	0.041333		0.100000	35
155	0.041778		0.100000	35
156	0.040889		0.100000	35
157	0.042222		0.100000	36
158	0.040889		0.100000	36
159	0.041778		0.100000	36
160	0.040889		0.100000	36
161	0.042222		0.100000	36
162	0.040000		0.100000	37
163	0.042222		0.100000	37
164	0.040444		0.100000	37
165	0.042667		0.100000	37
166	0.040444		0.100000	38
167	0.042222		0.100000	38
168	0.040889		0.100000	38
169	0.042222		0.100000	38
170	0.040889		0.100000	39
171	0.040444		0.100000	39
172	0.040889		0.100000	39
173	0.039556		0.100000	39
174	0.041333		0.100000	39
175	0.040889		0.100000	40
176	0.040889		0.100000	40
177	0.040889		0.100000	40
178	0.039556		0.100000	40
179	0.040444		0.100000	41
180	0.039111		0.100000	41
181	0.040444		0.100000	41
182	0.039111		0.100000	41
183	0.041333		0.100000	42
184	0.040000		0.100000	42
185	0.041333		0.100000	42
186	0.038222		0.100000	42
187	0.038667		0.100000	42
188	0.039556		0.100000	43
189	0.036889		0.100000	43
190	0.038667		0.100000	43
191	0.036444		0.100000	43
192	0.037778		0.100000	44
193	0.036889		0.100000	44
194	0.036889		0.100000	44
195	0.036889		0.100000	44
196	0.037778		0.100000	44
197	0.036444		0.100000	45
198	0.037778		0.100000	45
199	0.036000		0.100000	45
200	0.038222		0.104000	45
201	0.036444		0.100000	46
202	0.036889		0.104000	46
203	0.036889		0.100000	46
204	0.037333		0.104000	46
205	0.036444		0.100000	47
206	0.036889		0.104000	47
207	0.036000		0.100000	47
208	0.035556		0.104000	47
209	0.036000		0.100000	47
210	0.035111		0.104000	48
211	0.036000		0.100000	48
212	0.034667		0.104000	48
213	0.035111		0.100000	48
214	0.034222		0.104000	49
215	0.034667		0.100000	49
216	0.033333		0.104000	49
217	0.034667		0.100000	49
218	0.033333		0.104000	50
219	0.033333		0.100000	50
220	0.032444		0.104000	50
221	0.032889		0.100000	50
222	0.033778		0.104000	50
223	0.033333		0.100000	51
224	0.032889		0.100000	51
225	0.032889		0.100000	51
226	0.034222		0.100000	51
227	0.032444		0.100000	52
228	0.032444		0.100000	52
229	0.032000		0.100000	52
230	0.030667		0.100000	52
231	0.031556		0.100000	52
232	0.032444		0.100000	53
233	0.031111		0.100000	53
234	0.032000		0.104000	53
235	0.031111		0.100000	53
236	0.032444		0.104000	54
237	0.029778		0.100000	54
238	0.032000		0.100000	54
239	0.032000		0.100000	54
240	0.032444		0.100000	55
241	0.030667		0.100000	55
242	0.032889		0.100000	55
243	0.029333		0.100000	55
244	0.031111		0.100000	55
245	0.029333		0.104000	56
246	0.031111		0.104000	56
247	0.028000		0.100000	56
248	0.029333		0.100000	56
249	0.028444		0.100000	57
250	0.030222		0.100000	57
251	0.028444		0.096000	57
252	0.031111		0.096000	57
253	0.028889		0.100000	58
254	0.030667		0.096000	58
255	0.028889		0.100000	58
256	0.029778		0.096000	58
257	0.028889		0.100000	58
258	0.030667		0.096000	59
259	0.028444		0.096000	59
260	0.027556		0.100000	59
261	0.028889		0.096000	59
262	0.024889		0.100000	60
263	0.028444		0.100000	60
264	0.024000		0.104000	60
265	0.027111		0.100000	60
266	0.024444		0.104000	61
267	0.026222		0.100000	61
268	0.024889		0.100000	61
269	0.026667		0.096000	61
270	0.024444		0.100000	61
271	0.026222		0.100000	62
272	0.024889		0.096000	62
273	0.025778		0.100000	62
274	0.024444		0.096000	62
275	0.025778		0.100000	63
276	0.023111		0.100000	63
277	0.025333		0.096000	63
278	0.022667		0.092000	63
279	0.024889		0.096000	63
280	0.024000		0.096000	64
281	0.024444		0.096000	64
282	0.023556		0.096000	64
283	0.024889		0.096000	64
284	0.023111		0.096000	65
285	0.024444		0.096000	65
286	0.022667		0.092000	65
287	0.024000		0.096000	65
288	0.023111		0.096000	66
289	0.022667		0.096000	66
290	0.024000		0.096000	66
291	0.021778		0.096000	66
292	0.024000		0.096000	66
293	0.024000		0.096000	67
294	0.020889		0.092000	67
295	0.024444		0.096000	67
296	0.020444		0.092000	67
297	0.023556		0.100000	68
298	0.020889		0.100000	68
299	0.022667		0.096000	68
300	0.020444		0.100000	68
301	0.021778		0.096000	69
302	0.020444		0.100000	69
303	0.020444		0.100000	69
304	0.020444		0.096000	69
305	0.020889		0.100000	69
306	0.020000		0.100000	70
307	0.020444		0.100000	70
308	0.018667		0.100000	70
309	0.021778		0.096000	70
310	0.019556		0.096000	71
311	0.022222		0.100000	71
312	0.019556		0.104000	71
313	0.020889		0.100000	71
314	0.018667		0.100000	71
315	0.020444		0.100000	72
316	0.018222		0.092000	72
317	0.019556		0.104000	72
318	0.017778		0.092000	72
319	0.018667		0.100000	73
320	0.018222		0.092000	73
321	0.018222		0.096000	73
322	0.017333		0.092000	73
323	0.018222		0.096000	74
324	0.017333		0.092000	74
325	0.019556		0.096000	74
326	0.016444		0.092000	74
327	0.018667		0.096000	74
328	0.016000		0.092000	75
329	0.017333		0.096000	75
330	0.016889		0.092000	75
331	0.017778		0.096000	75
332	0.015111		0.092000	76
333	0.018667		0.096000	76
334	0.015111		0.092000	76
335	0.018222		0.096000	76
336	0.015556		0.092000	77
337	0.017333		0.092000	77
338	0.016000		0.092000	77
339	0.016444		0.092000	77
340	0.015556		0.092000	77
341	0.016889		0.092000	78
342	0.013333		0.092000	78
343	0.016444		0.092000	78
344	0.014222		0.092000	78
345	0.015556		0.092000	79
346	0.012889		0.092000	79
347	0.015111		0.096000	79
348	0.012444		0.092000	79
349	0.015111		0.096000	79
350	0.013333		0.092000	80
351	0.013778		0.096000	80
352	0.011556		0.092000	80
353	0.013778		0.096000	80
354	0.010222		0.092000	81
355	0.014667		0.100000	81
356	0.010222		0.096000	81
357	0.015111		0.100000	81
358	0.011111		0.096000	82
359	0.013333		0.100000	82
360	0.010222		0.096000	82
361	0.013778		0.100000	82
362	0.009778		0.096000	82
363	0.015111		0.100000	83
364	0.009778		0.096000	83
365	0.014222		0.100000	83
366	0.009778		0.096000	83
367	0.014222		0.100000	84
368	0.010222		0.096000	84
369	0.014222		0.100000	84
370	0.009778		0.096000	84
371	0.013333		0.100000	85
372	0.009778		0.096000	85
373	0.012889		0.104000	85
374	0.008889		0.096000	85
375	0.013333		0.100000	85
376	0.009333		0.096000	86
377	0.010222		0.100000	86
378	0.012444		0.100000	86
379	0.009333		0.096000	86
380	0.012000		0.100000	87
381	0.009778		0.096000	87
382	0.011111		0.096000	87
383	0.011556		0.096000	87
384	0.010222		0.096000	87
385	0.012000		0.096000	88
386	0.010222		0.096000	88
387	0.010667		0.096000	88
388	0.010667		0.096000	88
389	0.008889		0.096000	89
390	0.010222		0.096000	89
391	0.008889		0.096000	89
392	0.009778		0.096000	89
393	0.010222		0.096000	90
394	0.009333		0.096000	90
395	0.010667		0.100000	90
396	0.008000		0.096000	90
397	0.012000		0.100000	90
398	0.008444		0.100000	91
399	0.010667		0.104000	91
400	0.008444		0.100000	91
401	0.011111		0.100000	91
402	0.008444		0.100000	92
403	0.011111		0.100000	92
404	0.008444		0.100000	92
405	0.009333		0.104000	92
406	0.008444		0.096000	93
407	0.008889		0.100000	93
408	0.008444		0.100000	93
409	0.009333		0.100000	93
410	0.008000		0.100000	93
411	0.008889		0.100000	94
412	0.008000		0.100000	94
413	0.008889		0.104000	94
414	0.007556		0.100000	94
415	0.008889		0.104000	95
416	0.006222		0.100000	95
417	0.009333		0.100000	95
418	0.006667		0.096000	95
419	0.008444		0.100000	95
420	0.007111		0.096000	96
421	0.008444		0.100000	96
422	0.007556		0.096000	96
423	0.009333		0.100000	96
424	0.007556		0.096000	97
425	0.008889		0.100000	97
426	0.007111		0.100000	97
427	0.008444		0.100000	97
428	0.007111		0.100000	98
429	0.008000		0.100000	98
430	0.007111		0.100000	98
431	0.008889		0.100000	98
432	0.007111		0.100000	98
433	0.008889		0.104000	99
434	0.006222		0.100000	99
435	0.008000		0.104000	99
436	0.007111		0.100000	99
437	0.006667		0.104000	100
438	0.006667		0.100000	100
439	0.006667		0.104000	100
440	0.006222		0.100000	100
441	0.006222		0.104000	101
442	0.006667		0.100000	101
443	0.005333		0.100000	101
444	0.006667		0.096000	101
445	0.005333		0.096000	101
446	0.005333		0.096000	102
447	0.005333		0.100000	102
448	0.005333		0.096000	102
449	0.005778		0.100000	102
450	0.004444		0.100000	103
451	0.006222		0.100000	103
452	0.004444		0.100000	103
453	0.005778		0.100000	103
454	0.004889		0.100000	103
455	0.005778		0.100000	104
456	0.004444		0.100000	104
457	0.005333		0.104000	104
458	0.004000		0.100000	104
459	0.004889		0.100000	105
460	0.003556		0.096000	105
461	0.004444		0.100000	105
462	0.002667		0.096000	105
463	0.005333		0.100000	106
464	0.002667		0.096000	106
465	0.005333		0.100000	106
466	0.002667		0.096000	106
467	0.004444		0.100000	106
468	0.002667		0.100000	107
469	0.004444		0.100000	107
470	0.002667		0.100000	107
471	0.004444		0.100000	107
472	0.002667		0.100000	108
473	0.004000		0.100000	108
474	0.003111		0.100000	108
475	0.003111		0.096000	108
476	0.003111		0.100000	109
477	0.003556		0.100000	109
478	0.002667		0.100000	109
479	0.002667		0.100000	109
480	0.002667		0.096000	109
481	0.002667		0.096000	110
482	0.002667		0.096000	110
483	0.003111		0.100000	110
484	0.002667		0.096000	110
485	0.003556		0.100000	111
486	0.002667		0.096000	111
487	0.002667		0.104000	111
488	0.003111		0.096000	111
489	0.001778		0.104000	111
490	0.003111		0.096000	112
491	0.002222		0.104000	112
492	0.002667		0.096000	112
493	0.002667		0.104000	112
494	0.002222		0.096000	113
495	0.002222		0.104000	113
496	0.002222		0.096000	113
497	0.002222		0.104000	113
498	0.002222		0.100000	114
499	0.002222		0.096000	114
500	0.002222		0.100000	114
501	0.002222		0.100000	114
502	0.002222		0.100000	114
503	0.001778		0.100000	115
504	0.001778		0.100000	115
505	0.001778		0.096000	115
506	0.001778		0.096000	115
507	0.001778		0.096000	116
508	0.001778		0.096000	116
509	0.001778		0.100000	116
510	0.001778		0.100000	116
511	0.001778		0.096000	117
512	0.001778		0.100000	117
513	0.001778		0.096000	117
514	0.001778		0.100000	117
515	0.001333		0.100000	117
516	0.001778		0.100000	118
517	0.000889		0.100000	118
518	0.000889		0.100000	118
519	0.000889		0.100000	118
520	0.000889		0.100000	119
521	0.000889		0.100000	119
522	0.000889		0.100000	119
523	0.000889		0.100000	119
524	0.000889		0.100000	119
525	0.000889		0.100000	120
526	0.000889		0.100000	120
527	0.000889		0.096000	120
528	0.000889		0.100000	120
529	0.000889		0.096000	121
530	0.000889		0.100000	121
531	0.000889		0.096000	121
532	0.000889		0.100000	121
533	0.000889		0.096000	122
534	0.000889		0.100000	122
535	0.000889		0.096000	122
536	0.000889		0.100000	122
537	0.000889		0.096000	122
538	0.000889		0.096000	123
539	0.000889		0.096000	123
540	0.000444		0.096000	123
541	0.000889		0.096000	123
542	0.000889		0.096000	124
543	0.000889		0.096000	124
544	0.000444		0.096000	124
545	0.000889		0.096000	124
546	0.000444		0.096000	125
547	0.000889		0.096000	125
548	0.000444		0.092000	125
549	0.000889		0.096000	125
550	0.000444		0.092000	125
551	0.000889		0.096000	126
552	0.000444		0.092000	126
553	0.000889		0.096000	126
554	0.000444		0.096000	126
555	0.000889		0.096000	127
556	0.000444		0.096000	127
557	0.000444		0.096000	127
558	0.000444		0.096000	127
559	0.000444		0.100000	127
560	0.000444		0.100000	128
561	0.000444		0.100000	128
562	0.000444		0.100000	128
563	0.000444		0.100000	128
564	0.000444		0.100000	129
565	0.000444		0.100000	129
566	0.000444		0.096000	129
567	0.000444		0.100000	129
568	0.000444		0.100000	130
569	0.000444		0.100000	130
570	0.000444		0.100000	130
571	0.000444		0.100000	130
572	0.000444		0.100000	130
573	0.000444		0.100000	131
574	0.000444		0.100000	131
575	0.000444		0.100000	131
576	0.000444		0.100000	131
577	0.000444		0.096000	132
578	0.000000		0.100000	132
579	0.000444		0.100000	132
580	0.000000		0.100000	132
581	0.000444		0.100000	133
582	0.000444		0.100000	133
583	0.000444		0.100000	133
584	0.000444		0.100000	133
585	0.000444		0.100000	133
586	0.000444		0.100000	134
587	0.000444		0.100000	134
588	0.000000		0.100000	134
589	0.000444		0.104000	134
590	0.000000		0.104000	135
591	0.000444		0.104000	135
592	0.000000		0.100000	135
593	0.000444		0.104000	135
594	0.000000		0.100000	135
595	0.000000		0.100000	136
596	0.000000		0.100000	136
597	0.000444		0.100000	136
598	0.000000		0.100000	136
599	0.000444		0.100000	137
600	0.000000		0.100000	137
601	0.000444		0.100000	137
602	0.000000		0.100000	137
603	0.000444		0.100000	138
604	0.000000		0.100000	138
605	0.000444		0.100000	138
606	0.000000		0.100000	138
607	0.000444		0.100000	138
608	0.000000		0.100000	139
609	0.000444		0.100000	139
610	0.000000		0.100000	139
611	0.000444		0.100000	139
612	0.000000		0.100000	140
613	0.000000		0.100000	140
614	0.000000		0.100000	140
615	0.000000		0.104000	140
616	0.000000		0.100000	141
617	0.000000		0.100000	141
618	0.000000		0.100000	141
619	0.000000		0.100000	141
620	0.000000		0.100000	141
621	0.000000		0.100000	142
622	0.000000		0.096000	142
623	0.000000		0.096000	142
624	0.000000		0.096000	142
625	0.000000		0.096000	143
626	0.000000		0.096000	143
627	0.000000		0.096000	143
628	0.000000		0.096000	143
629	0.000000		0.096000	143
630	0.000000		0.096000	144
631	0.000000		0.096000	144
632	0.000000		0.096000	144
633	0.000000		0.096000	144
634	0.000000		0.096000	145
635	0.000000		0.100000	145
636	0.000000		0.096000	145
637	0.000000		0.096000	145
638	0.000000		0.096000	146
639	0.000000		0.096000	146
640	0.000000		0.096000	146
641	0.000000		0.096000	146
642	0.000000		0.096000	146
643	0.000000		0.100000	147
644	0.000000		0.096000	147
645	0.000000		0.100000	147
646	0.000000		0.096000	147
647	0.000000		0.100000	148
648	0.000000		0.096000	148
649	0.000000		0.100000	148
650	0.000000		0.096000	148
651	0.000000		0.100000	149
652	0.000000		0.096000	149
653	0.000000		0.100000	149
654	0.000000		0.096000	149
655	0.000000		0.100000	149
656	0.000000		0.096000	150
657	0.000000		0.100000	150
658	0.000000		0.096000	150
659	0.000000		0.100000	150
660	0.000000		0.096000	151
661	0.000000		0.100000	151
662	0.000000		0.096000	151
663	0.000000		0.100000	151
664	0.000000		0.096000	151
665	0.000000		0.100000	152
666	0.000000		0.092000	152
667	0.000000		0.100000	152
668	0.000000		0.092000	152
669	0.000000		0.096000	153
670	0.000000		0.092000	153
671	0.000000		0.096000	153
672	0.000000		0.092000	153
673	0.000000		0.096000	154
674	0.000000		0.096000	154
675	0.000000		0.100000	154
676	0.000000		0.100000	154
677	0.000000		0.104000	154
678	0.000000		0.100000	155
679	0.000000		0.104000	155
680	0.000000		0.100000	155
681	0.000000		0.104000	155
682	0.000000		0.100000	156
683	0.000000		0.100000	156
684	0.000000		0.100000	156
685	0.000000		0.100000	156
686	0.000000		0.100000	157
687	0.000000		0.100000	157
688	0.000000		0.100000	157
689	0.000000		0.100000	157
690	0.000000		0.100000	157
691	0.000000		0.100000	158
692	0.000000		0.096000	158
693	0.000000		0.100000	158
694	0.000000		0.092000	158
695	0.000000		0.096000	159
696	0.000000		0.092000	159
697	0.000000		0.096000	159
698	0.000000		0.092000	159
699	0.000000		0.096000	159
700	0.000000		0.096000	160
701	0.000000		0.096000	160
702	0.000000		0.096000	160
703	0.000000		0.096000	160
704	0.000000		0.096000	161
705	0.000000		0.096000	161
706	0.000000		0.096000	161
707	0.000000		0.096000	161
708	0.000000		0.096000	162
709	0.000000		0.096000	162
710	0.000000		0.096000	162
711	0.000000		0.096000	162
712	0.000000		0.096000	162
713	0.000000		0.096000	163
714	0.000000		0.096000	163
715	0.000000		0.096000	163
716	0.000000		0.096000	163
717	0.000000		0.096000	164
718	0.000000		0.096000	164
719	0.000000		0.092000	164
720	0.000000		0.096000	164
721	0.000000		0.096000	164
722	0.000000		0.096000	165
723	0.000000		0.096000	165
724	0.000000		0.100000	165
725	0.000000		0.104000	165
726	0.000000		0.104000	166
727	0.000000		0.104000	166
728	0.000000		0.100000	166
729	0.000000		0.100000	166
730	0.000000		0.100000	167
731	0.000000		0.100000	167
732	0.000000		0.100000	167
733	0.000000		0.100000	167
734	0.000000		0.100000	167
735	0.000000		0.104000	168
736	0.000000		0.100000	168
737	0.000000		0.100000	168
738	0.000000		0.104000	168
739	0.000000		0.100000	169
740	0.000000		0.104000	169
741	0.000000		0.096000	169
742	0.000000		0.096000	169
743	0.000000		0.096000	170
744	0.000000		0.096000	170
745	0.000000		0.096000	170
746	0.000000		0.096000	170
747	0.000000		0.096000	170
748	0.000000		0.096000	171
749	0.000000		0.096000	171
750	0.000000		0.096000	171
751	0.000000		0.096000	171
752	0.000000		0.096000	172
753	0.000000		0.096000	172
754	0.000000		0.096000	172
755	0.000000		0.096000	172
756	0.000000		0.096000	172
757	0.000000		0.096000	173
758	0.000000		0.096000	173
759	0.000000		0.096000	173
760	0.000000		0.096000	173
761	0.000000		0.096000	174
762	0.000000		0.096000	174
763	0.000000		0.096000	174
764	0.000000		0.096000	174
765	0.000000		0.096000	175
766	0.000000		0.096000	175
767	0.000000		0.096000	175
768	0.000000		0.096000	175
769	0.000000		0.096000	175
770	0.000000		0.096000	176
771	0.000000		0.096000	176
772	0.000000		0.096000	176
773	0.000000		0.096000	176
774	0.000000		0.096000	177
775	0.000000		0.096000	177
776	0.000000		0.096000	177
777	0.000000		0.096000	177
778	0.000000		0.096000	178
779	0.000000		0.096000	178
780	0.000000		0.100000	178
781	0.000000		0.100000	178
782	0.000000		0.100000	178
783	0.000000		0.100000	179
784	0.000000		0.100000	179
785	0.000000		0.100000	179
786	0.000000		0.100000	179
787	0.000000		0.100000	180
788	0.000000		0.104000	180
789	0.000000		0.100000	180
790	0.000000		0.104000	180
791	0.000000		0.100000	180
792	0.000000		0.104000	181
793	0.000000		0.096000	181
794	0.000000		0.104000	181
795	0.000000		0.100000	181
796	0.000000		0.104000	182
797	0.000000		0.100000	182
798	0.000000		0.104000	182
799	0.000000		0.100000	182
800	0.000000		0.100000	183
801	0.000000		0.100000	183
802	0.000000		0.096000	183
803	0.000000		0.100000	183
804	0.000000		0.100000	183
805	0.000000		0.100000	184
806	0.000000		0.100000	184
807	0.000000		0.100000	184
808	0.000000		0.100000	184
809	0.000000		0.100000	185
810	0.000000		0.100000	185
811	0.000000		0.100000	185
812	0.000000		0.096000	185
813	0.000000		0.100000	186
814	0.000000		0.096000	186
815	0.000000		0.100000	186
816	0.000000		0.096000	186
817	0.000000		0.100000	186
818	0.000000		0.096000	187
819	0.000000		0.100000	187
820	0.000000		0.096000	187
821	0.000000		0.100000	187
822	0.000000		0.096000	188
823	0.000000		0.100000	188
824	0.000000		0.096000	188
825	0.000000		0.100000	188
826	0.000000		0.096000	188
827	0.000000		0.096000	189
828	0.000000		0.096000	189
829	0.000000		0.100000	189
830	0.000000		0.096000	189
831	0.000000		0.096000	190
832	0.000000		0.096000	190
833	0.000000		0.096000	190
834	0.000000		0.096000	190
835	0.000000		0.096000	191
836	0.000000		0.096000	191
837	0.000000		0.096000	191
838	0.000000		0.096000	191
839	0.000000		0.100000	191
840	0.000000		0.096000	192
841	0.000000		0.096000	192
842	0.000000		0.096000	192
843	0.000000		0.096000	192
844	0.000000		0.096000	193
845	0.000000		0.096000	193
846	0.000000		0.096000	193
847	0.000000		0.096000	193
848	0.000000		0.096000	194
849	0.000000		0.100000	194
850	0.000000		0.096000	194
851	0.000000		0.100000	194
852	0.000000		0.096000	194
853	0.000000		0.096000	195
854	0.000000		0.096000	195
855	0.000000		0.100000	195
856	0.000000		0.100000	195
857	0.000000		0.100000	196
858	0.000000		0.100000	196
859	0.000000		0.100000	196
860	0.000000		0.100000	196
861	0.000000		0.096000	196
862	0.000000		0.100000	197
863	0.000000		0.096000	197
864	0.000000		0.100000	197
865	0.000000		0.096000	197
866	0.000000		0.096000	198
867	0.000000		0.096000	198
868	0.000000		0.096000	198
869	0.000000		0.096000	198
870	0.000000		0.096000	199
871	0.000000		0.096000	199
872	0.000000		0.096000	199
873	0.000000		0.096000	199
874	0.000000		0.096000	199
875	0.000000		0.096000	200
876	0.000000		0.096000	200
877	0.000000		0.096000	200
878	0.000000		0.096000	200
879	0.000000		0.096000	201
880	0.000000		0.096000	201
881	0.000000		0.096000	201
882	0.000000		0.096000	201
883	0.000000		0.096000	202
884	0.000000		0.096000	202
885	0.000000		0.096000	202
886	0.000000		0.096000	202
887	0.000000		0.100000	202
888	0.000000		0.096000	203
889	0.000000		0.100000	203
890	0.000000		0.096000	203
891	0.000000		0.100000	203
892	0.000000		0.096000	204
893	0.000000		0.096000	204
894	0.000000		0.096000	204
895	0.000000		0.096000	204
896	0.000000		0.096000	204
897	0.000000		0.096000	205
898	0.000000		0.096000	205
899	0.000000		0.096000	205
900	0.000000		0.096000	205
901	0.000000		0.096000	206
902	0.000000		0.096000	206
903	0.000000		0.096000	206
904	0.000000		0.096000	206
905	0.000000		0.096000	207
906	0.000000		0.100000	207
907	0.000000		0.096000	207
908	0.000000		0.100000	207
909	0.000000		0.096000	207
910	0.000000		0.100000	208
911	0.000000		0.096000	208
912	0.000000		0.100000	208
913	0.000000		0.096000	208
914	0.000000		0.100000	209
915	0.000000		0.096000	209
916	0.000000		0.100000	209
917	0.000000		0.096000	209
918	0.000000		0.100000	210
919	0.000000		0.096000	210
920	0.000000		0.100000	210
921	0.000000		0.096000	210
922	0.000000		0.100000	210
923	0.000000		0.096000	211
924	0.000000		0.100000	211
925	0.000000		0.096000	211
926	0.000000		0.100000	211
927	0.000000		0.096000	212
928	0.000000		0.100000	212
929	0.000000		0.096000	212
930	0.000000		0.100000	212
931	0.000000		0.096000	212
932	0.000000		0.100000	213
933	0.000000		0.096000	213
934	0.000000		0.100000	213
935	0.000000		0.096000	213
936	0.000000		0.100000	214
937	0.000000		0.096000	214
938	0.000000		0.100000	214
939	0.000000		0.096000	214
940	0.000000		0.100000	215
941	0.000000		0.096000	215
942	0.000000		0.100000	215
943	0.000000		0.096000	215
944	0.000000		0.100000	215
945	0.000000		0.096000	216
946	0.000000		0.100000	216
947	0.000000		0.096000	216
948	0.000000		0.096000	216
949	0.000000		0.096000	217
950	0.000000		0.096000	217
951	0.000000		0.096000	217
952	0.000000		0.096000	217
953	0.000000		0.096000	218
954	0.000000		0.096000	218
955	0.000000		0.096000	218
956	0.000000		0.096000	218
957	0.000000		0.096000	218
958	0.000000		0.096000	219
959	0.000000		0.096000	219
960	0.000000		0.096000	219
961	0.000000		0.096000	219
962	0.000000		0.096000	220
963	0.000000		0.096000	220
964	0.000000		0.096000	220
965	0.000000		0.096000	220
966	0.000000		0.096000	220
967	0.000000		0.096000	221
968	0.000000		0.096000	221
969	0.000000		0.096000	221
970	0.000000		0.096000	221
971	0.000000		0.100000	222
972	0.000000		0.096000	222
973	0.000000		0.100000	222
974	0.000000		0.096000	222
975	0.000000		0.100000	223
976	0.000000		0.100000	223
977	0.000000		0.104000	223
978	0.000000		0.100000	223
979	0.000000		0.100000	223
980	0.000000		0.100000	224
981	0.000000		0.100000	224
982	0.000000		0.100000	224
983	0.000000		0.100000	224
984	0.000000		0.100000	225
985	0.000000		0.100000	225
986	0.000000		0.100000	225
987	0.000000		0.100000	225
988	0.000000		0.100000	226
989	0.000000		0.100000	226
990	0.000000		0.100000	226
991	0.000000		0.100000	226
992	0.000000		0.100000	226
993	0.000000		0.100000	227
994	0.000000		0.100000	227
995	0.000000		0.100000	227
996	0.000000		0.100000	227
997	0.000000		0.100000	228
998	0.000000		0.096000	228
999	0.000000		0.096000	228
1000	0.000000		0.096000	228
1001	0.000000		0.096000	228
1002	0.000000		0.096000	229
1003	0.000000		0.096000	229
1004	0.000000		0.096000	229
1005	0.000000		0.096000	229
1006	0.000000		0.096000	230
1007	0.000000		0.096000	230
1008	0.000000		0.096000	230
1009	0.000000		0.096000	230
1010	0.000000		0.096000	231
1011	0.000000		0.096000	231
1012	0.000000		0.096000	231
1013	0.000000		0.096000	231
1014	0.000000		0.096000	231
1015	0.000000		0.100000	232
1016	0.000000		0.100000	232
1017	0.000000		0.100000	232
1018	0.000000		0.096000	232
1019	0.000000		0.096000	233
1020	0.000000		0.096000	233
1021	0.000000		0.096000	233
1022	0.000000		0.096000	233
1023	0.000000		0.096000	234
1024	0.000000		0.096000	234
1025	0.000000		0.096000	234
1026	0.000000		0.096000	234
1027	0.000000		0.096000	234
1028	0.000000		0.096000	235
1029	0.000000		0.096000	235
1030	0.000000		0.096000	235
1031	0.000000		0.096000	235
1032	0.000000		0.100000	236
1033	0.000000		0.096000	236
1034	0.000000		0.096000	236
1035	0.000000		0.096000	236
1036	0.000000		0.096000	236
1037	0.000000		0.096000	237
1038	0.000000		0.096000	237
1039	0.000000		0.096000	237
1040	0.000000		0.096000	237
1041	0.000000		0.096000	238
1042	0.000000		0.096000	238
1043	0.000000		0.096000	238
1044	0.000000		0.096000	238
1045	0.000000		0.096000	239
1046	0.000000		0.096000	239
1047	0.000000		0.096000	239
1048	0.000000		0.096000	239
1049	0.000000		0.096000	239
1050	0.000000		0.096000	240
1051	0.000000		0.096000	240
1052	0.000000		0.100000	240
1053	0.000000		0.096000	240
1054	0.000000		0.096000	241
1055	0.000000		0.096000	241
1056	0.000000		0.100000	241
1057	0.000000		0.096000	241
1058	0.000000		0.100000	242
1059	0.000000		0.096000	242
1060	0.000000		0.100000	242
1061	0.000000		0.096000	242
1062	0.000000		0.100000	242
1063	0.000000		0.096000	243
1064	0.000000		0.096000	243
1065	0.000000		0.096000	243
1066	0.000000		0.096000	243
1067	0.000000		0.096000	244
1068	0.000000		0.096000	244
1069	0.000000		0.096000	244
1070	0.000000		0.096000	244
1071	0.000000		0.096000	244
1072	0.000000		0.096000	245
1073	0.000000		0.096000	245
1074	0.000000		0.096000	245
1075	0.000000		0.096000	245
1076	0.000000		0.100000	246
1077	0.000000		0.100000	246
1078	0.000000		0.100000	246
1079	0.000000		0.100000	246
1080	0.000000		0.100000	247
1081	0.000000		0.096000	247
1082	0.000000		0.100000	247
1083	0.000000		0.096000	247
1084	0.000000		0.096000	247
1085	0.000000		0.096000	248
1086	0.000000		0.096000	248
1087	0.000000		0.096000	248
1088	0.000000		0.096000	248
1089	0.000000		0.096000	249
1090	0.000000		0.100000	249
1091	0.000000		0.096000	249
1092	0.000000		0.100000	249
1093	0.000000		0.096000	250
1094	0.000000		0.100000	250
1095	0.000000		0.096000	250
1096	0.000000		0.100000	250
1097	0.000000		0.100000	250
1098	0.000000		0.100000	251
1099	0.000000		0.100000	251
1100	0.000000		0.096000	251
1101	0.000000		0.100000	251
1102	0.000000		0.096000	252
1103	0.000000		0.100000	252
1104	0.000000		0.096000	252
1105	0.000000		0.100000	252
1106	0.000000		0.096000	252
1107	0.000000		0.100000	253
1108	0.000000		0.096000	253
1109	0.000000		0.100000	253
1110	0.000000		0.096000	253
1111	0.000000		0.100000	254
1112	0.000000		0.100000	254
1113	0.000000		0.100000	254
1114	0.000000		0.096000	254
1115	0.000000		0.096000	255
1116	0.000000		0.096000	255
1117	0.000000		0.096000	255
1118	0.000000		0.096000	255
1119	0.000000		0.096000	255
1120	0.000000		0.096000	256
1121	0.000000		0.096000	256
1122	0.000000		0.096000	256
1123	0.000000		0.096000	256
1124	0.000000		0.096000	257
1125	0.000000		0.100000	257
1126	0.000000		0.096000	257
1127	0.000000		0.096000	257
1128	0.000000		0.096000	258
1129	0.000000		0.096000	258
1130	0.000000		0.096000	258
1131	0.000000		0.096000	258
1132	0.000000		0.096000	258
1133	0.000000		0.100000	259
1134	0.000000		0.096000	259
1135	0.000000		0.096000	259
1136	0.000000		0.096000	259
1137	0.000000		0.096000	260
1138	0.000000		0.096000	260
1139	0.000000		0.096000	260
1140	0.000000		0.096000	260
1141	0.000000		0.096000	260
1142	0.000000		0.096000	261
1143	0.000000		0.096000	261
1144	0.000000		0.096000	261
1145	0.000000		0.096000	261
1146	0.000000		0.096000	262
1147	0.000000		0.100000	262
1148	0.000000		0.096000	262
1149	0.000000		0.100000	262
1150	0.000000		0.100000	263
1151	0.000000		0.100000	263
1152	0.000000		0.100000	263
1153	0.000000		0.100000	263
1154	0.000000		0.100000	263
1155	0.000000		0.100000	264
1156	0.000000		0.100000	264
1157	0.000000		0.100000	264
1158	0.000000		0.100000	264
1159	0.000000		0.100000	265
1160	0.000000		0.096000	265
1161	0.000000		0.100000	265
1162	0.000000		0.096000	265
1163	0.000000		0.100000	265
1164	0.000000		0.096000	266
1165	0.000000		0.100000	266
1166	0.000000		0.096000	266
1167	0.000000		0.100000	266
1168	0.000000		0.096000	267
1169	0.000000		0.104000	267
1170	0.000000		0.096000	267
1171	0.000000		0.100000	267
1172	0.000000		0.096000	268
1173	0.000000		0.100000	268
1174	0.000000		0.096000	268
1175	0.000000		0.096000	268
1176	0.000000		0.096000	268
1177	0.000000		0.096000	269
1178	0.000000		0.096000	269
1179	0.000000		0.096000	269
1180	0.000000		0.096000	269
1181	0.000000		0.096000	270
1182	0.000000		0.096000	270
1183	0.000000		0.096000	270
1184	0.000000		0.096000	270
1185	0.000000		0.096000	270
1186	0.000000		0.096000	271
1187	0.000000		0.096000	271
1188	0.000000		0.096000	271
1189	0.000000		0.096000	271
1190	0.000000		0.096000	272
1191	0.000000		0.100000	272
1192	0.000000		0.096000	272
1193	0.000000		0.096000	272
1194	0.000000		0.096000	273
1195	0.000000		0.100000	273
1196	0.000000		0.096000	273
1197	0.000000		0.100000	273
1198	0.000000		0.096000	273
1199	0.000000		0.096000	274
1200	0.000000		0.100000	274
1201	0.000000		0.096000	274
1202	0.000000		0.100000	274
1203	0.000000		0.096000	275
1204	0.000000		0.100000	275
1205	0.000000		0.096000	275
1206	0.000000		0.100000	275
1207	0.000000		0.096000	275
1208	0.000000		0.100000	276
1209	0.000000		0.096000	276
1210	0.000000		0.100000	276
1211	0.000000		0.096000	276
1212	0.000000		0.100000	277
1213	0.000000		0.096000	277
1214	0.000000		0.100000	277
1215	0.000000		0.096000	277
1216	0.000000		0.100000	278
1217	0.000000		0.096000	278
1218	0.000000		0.096000	278
1219	0.000000		0.096000	278
1220	0.000000		0.100000	278
1221	0.000000		0.096000	279
1222	0.000000		0.100000	279
1223	0.000000		0.096000	279
1224	0.000000		0.100000	279
1225	0.000000		0.096000	280
1226	0.000000		0.100000	280
1227	0.000000		0.096000	280
1228	0.000000		0.100000	280
1229	0.000000		0.096000	280
1230	0.000000		0.096000	281
1231	0.000000		0.096000	281
1232	0.000000		0.100000	281
1233	0.000000		0.100000	281
1234	0.000000		0.100000	282
1235	0.000000		0.100000	282
1236	0.000000		0.100000	282
1237	0.000000		0.100000	282
1238	0.000000		0.100000	283
1239	0.000000		0.100000	283
1240	0.000000		0.100000	283
1241	0.000000		0.100000	283
1242	0.000000		0.100000	283
1243	0.000000		0.100000	284
1244	0.000000		0.100000	284
1245	0.000000		0.100000	284
1246	0.000000		0.100000	284
1247	0.000000		0.100000	285
1248	0.000000		0.100000	285
1249	0.000000		0.100000	285
1250	0.000000		0.100000	285
1251	0.000000		0.100000	286
1252	0.000000		0.100000	286
1253	0.000000		0.100000	286
1254	0.000000		0.100000	286
1255	0.000000		0.100000	286
1256	0.000000		0.104000	287
1257	0.000000		0.100000	287
1258	0.000000		0.104000	287
1259	0.000000		0.100000	287
1260	0.000000		0.104000	288
1261	0.000000		0.104000	288
1262	0.000000		0.104000	288
1263	0.000000		0.104000	288
1264	0.000000		0.104000	288
1265	0.000000		0.104000	289
1266	0.000000		0.104000	289
1267	0.000000		0.104000	289
1268	0.000000		0.104000	289
1269	0.000000		0.104000	290
1270	0.000000		0.104000	290
1271	0.000000		0.104000	290
1272	0.000000		0.104000	290
1273	0.000000		0.104000	291
1274	0.000000		0.104000	291
1275	0.000000		0.104000	291
1276	0.000000		0.104000	291
1277	0.000000		0.104000	291
1278	0.000000		0.104000	292
1279	0.000000		0.104000	292
1280	0.000000		0.104000	292
1281	0.000000		0.104000	292
1282	0.000000		0.100000	293
1283	0.000000		0.104000	293
1284	0.000000		0.100000	293
1285	0.000000		0.100000	293
1286	0.000000		0.100000	293
1287	0.000000		0.100000	294
1288	0.000000		0.100000	294
1289	0.000000		0.100000	294
1290	0.000000		0.100000	294
1291	0.000000		0.100000	295
1292	0.000000		0.100000	295
1293	0.000000		0.100000	295
1294	0.000000		0.100000	295
1295	0.000000		0.100000	296
1296	0.000000		0.100000	296
1297	0.000000		0.100000	296
1298	0.000000		0.100000	296
1299	0.000000		0.100000	296
1300	0.000000		0.100000	297
1301	0.000000		0.100000	297
1302	0.000000		0.096000	297
1303	0.000000		0.096000	297
1304	0.000000		0.100000	298
1305	0.000000		0.096000	298
1306	0.000000		0.100000	298
1307	0.000000		0.100000	298
1308	0.000000		0.100000	298
1309	0.000000		0.100000	299
1310	0.000000		0.100000	299
1311	0.000000		0.100000	299
1312	0.000000		0.100000	299
1313	0.000000		0.100000	300
1314	0.000000		0.096000	300
1315	0.000000		0.096000	300
1316	0.000000		0.096000	300
1317	0.000000		0.096000	301
1318	0.000000		0.096000	301
1319	0.000000		0.096000	301
1320	0.000000		0.100000	301
1321	0.000000		0.096000	301
1322	0.000000		0.096000	302
1323	0.000000		0.096000	302
1324	0.000000		0.096000	302
1325	0.000000		0.096000	302
1326	0.000000		0.100000	303
1327	0.000000		0.096000	303
1328	0.000000		0.096000	303
1329	0.000000		0.096000	303
1330	0.000000		0.096000	303
1331	0.000000		0.096000	304
1332	0.000000		0.096000	304
1333	0.000000		0.100000	304
1334	0.000000		0.096000	304
1335	0.000000		0.100000	305
1336	0.000000		0.096000	305
1337	0.000000		0.100000	305
1338	0.000000		0.096000	305
1339	0.000000		0.100000	306
1340	0.000000		0.100000	306
1341	0.000000		0.100000	306
1342	0.000000		0.100000	306
1343	0.000000		0.100000	306
1344	0.000000		0.100000	307
1345	0.000000		0.100000	307
1346	0.000000		0.100000	307
1347	0.000000		0.100000	307
1348	0.000000		0.100000	308
1349	0.000000		0.100000	308
1350	0.000000		0.100000	308
1351	0.000000		0.100000	308
1352	0.000000		0.100000	308
1353	0.000000		0.100000	309
1354	0.000000		0.100000	309
1355	0.000000		0.100000	309
1356	0.000000		0.100000	309
1357	0.000000		0.100000	310
1358	0.000000		0.100000	310
1359	0.000000		0.100000	310
1360	0.000000		0.100000	310
1361	0.000000		0.100000	311
1362	0.000000		0.100000	311
1363	0.000000		0.100000	311
1364	0.000000		0.100000	311
1365	0.000000		0.100000	311
1366	0.000000		0.100000	312
1367	0.000000		0.100000	312
1368	0.000000		0.100000	312
1369	0.000000		0.100000	312
1370	0.000000		0.100000	313
1371	0.000000		0.100000	313
1372	0.000000		0.100000	313
1373	0.000000		0.100000	313
1374	0.000000		0.100000	313
1375	0.000000		0.100000	314
1376	0.000000		0.100000	314
1377	0.000000		0.100000	314
1378	0.000000		0.100000	314
1379	0.000000		0.100000	315
1380	0.000000		0.100000	315
1381	0.000000		0.100000	315
1382	0.000000		0.100000	315
1383	0.000000		0.100000	316
1384	0.000000		0.100000	316
1385	0.000000		0.100000	316
1386	0.000000		0.100000	316
1387	0.000000		0.100000	316
1388	0.000000		0.100000	317
1389	0.000000		0.100000	317
1390	0.000000		0.100000	317
1391	0.000000		0.100000	317
1392	0.000000		0.100000	318
1393	0.000000		0.100000	318
1394	0.000000		0.100000	318
1395	0.000000		0.100000	318
1396	0.000000		0.100000	318
1397	0.000000		0.100000	319
1398	0.000000		0.100000	319
1399	0.000000		0.100000	319
1400	0.000000		0.100000	319
1401	0.000000		0.100000	320
1402	0.000000		0.100000	320
1403	0.000000		0.100000	320
1404	0.000000		0.100000	320
1405	0.000000		0.100000	321
1406	0.000000		0.100000	321
1407	0.000000		0.100000	321
1408	0.000000		0.100000	321
1409	0.000000		0.100000	321
1410	0.000000		0.100000	322
1411	0.000000		0.100000	322
1412	0.000000		0.100000	322
1413	0.000000		0.100000	322
1414	0.000000		0.100000	323
1415	0.000000		0.100000	323
1416	0.000000		0.100000	323
1417	0.000000		0.100000	323
1418	0.000000		0.100000	323
1419	0.000000		0.100000	324
1420	0.000000		0.100000	324
1421	0.000000		0.100000	324
1422	0.000000		0.100000	324
1423	0.000000		0.100000	325
1424	0.000000		0.100000	325
1425	0.000000		0.100000	325
1426	0.000000		0.100000	325
1427	0.000000		0.100000	326
1428	0.000000		0.100000	326
1429	0.000000		0.100000	326
1430	0.000000		0.100000	326
1431	0.000000		0.100000	326
1432	0.000000		0.100000	327
1433	0.000000		0.100000	327
1434	0.000000		0.100000	327
1435	0.000000		0.100000	327
1436	0.000000		0.100000	328
1437	0.000000		0.100000	328
1438	0.000000		0.100000	328
1439	0.000000		0.100000	328
1440	0.000000		0.100000	329
1441	0.000000		0.100000	329
1442	0.000000		0.100000	329
1443	0.000000		0.100000	329
1444	0.000000		0.100000	329
1445	0.000000		0.100000	330
1446	0.000000		0.100000	330
1447	0.000000		0.100000	330
1448	0.000000		0.100000	330
1449	0.000000		0.100000	331
1450	0.000000		0.100000	331
1451	0.000000		0.100000	331
1452	0.000000		0.100000	331
1453	0.000000		0.100000	331
1454	0.000000		0.100000	332
1455	0.000000		0.100000	332
1456	0.000000		0.100000	332
1457	0.000000		0.100000	332
1458	0.000000		0.100000	333
1459	0.000000		0.100000	333
1460	0.000000		0.100000	333
1461	0.000000		0.100000	333
1462	0.000000		0.100000	334
1463	0.000000		0.100000	334
1464	0.000000		0.100000	334
1465	0.000000		0.100000	334
1466	0.000000		0.100000	334
1467	0.000000		0.100000	335
1468	0.000000		0.100000	335
1469	0.000000		0.100000	335
1470	0.000000		0.100000	335
1471	0.000000		0.100000	336
1472	0.000000		0.100000	336
1473	0.000000		0.100000	336
1474	0.000000		0.100000	336
1475	0.000000		0.100000	336
1476	0.000000		0.100000	337
1477	0.000000		0.100000	337
1478	0.000000		0.100000	337
1479	0.000000		0.100000	337
1480	0.000000		0.100000	338
1481	0.000000		0.100000	338
1482	0.000000		0.100000	338
1483	0.000000		0.100000	338
1484	0.000000		0.100000	339
1485	0.000000		0.100000	339
1486	0.000000		0.100000	339
1487	0.000000		0.100000	339
1488	0.000000		0.100000	339
1489	0.000000		0.100000	340
1490	0.000000		0.100000	340
1491	0.000000		0.100000	340
1492	0.000000		0.100000	340
1493	0.000000		0.100000	341
1494	0.000000		0.100000	341
1495	0.000000		0.100000	341
1496	0.000000		0.100000	341
1497	0.000000		0.100000	341
1498	0.000000		0.100000	342
1499	0.000000		0.100000	342
1500	0.000000		0.100000	342
1501	0.000000		0.100000	342
1502	0.000000		0.100000	343
1503	0.000000		0.100000	343
1504	0.000000		0.100000	343
1505	0.000000		0.100000	343
1506	0.000000		0.100000	344
1507	0.000000		0.100000	344
1508	0.000000		0.100000	344
1509	0.000000		0.100000	344
1510	0.000000		0.100000	344
1511	0.000000		0.100000	345
1512	0.000000		0.100000	345
1513	0.000000		0.100000	345
1514	0.000000		0.100000	345
1515	0.000000		0.100000	346
1516	0.000000		0.100000	346
1517	0.000000		0.100000	346
1518	0.000000		0.100000	346
1519	0.000000		0.100000	346
1520	0.000000		0.100000	347
1521	0.000000		0.100000	347
1522	0.000000		0.100000	347
1523	0.000000		0.100000	347
1524	0.000000		0.100000	348
1525	0.000000		0.100000	348
1526	0.000000		0.100000	348
1527	0.000000		0.100000	348
1528	0.000000		0.100000	349
1529	0.000000		0.100000	349
1530	0.000000		0.100000	349
1531	0.000000		0.100000	349
1532	0.000000		0.100000	349
1533	0.000000		0.100000	350
1534	0.000000		0.100000	350
1535	0.000000		0.100000	350
1536	0.000000		0.100000	350
1537	0.000000		0.100000	351
1538	0.000000		0.100000	351
1539	0.000000		0.100000	351
1540	0.000000		0.100000	351
1541	0.000000		0.100000	351
1542	0.000000		0.100000	352
1543	0.000000		0.100000	352
1544	0.000000		0.100000	352
1545	0.000000		0.100000	352
1546	0.000000		0.100000	353
1547	0.000000		0.100000	353
1548	0.000000		0.100000	353
1549	0.000000		0.100000	353
1550	0.000000		0.104000	354
1551	0.000000		0.100000	354
1552	0.000000		0.104000	354
1553	0.000000		0.104000	354
1554	0.000000		0.104000	354
1555	0.000000		0.104000	355
1556	0.000000		0.104000	355
1557	0.000000		0.104000	355
1558	0.000000		0.104000	355
1559	0.000000		0.104000	356
1560	0.000000		0.104000	356
1561	0.000000		0.104000	356
1562	0.000000		0.104000	356
1563	0.000000		0.100000	356
1564	0.000000		0.100000	357
1565	0.000000		0.100000	357
1566	0.000000		0.100000	357
1567	0.000000		0.104000	357
1568	0.000000		0.100000	358
1569	0.000000		0.104000	358
1570	0.000000		0.104000	358
1571	0.000000		0.100000	358
1572	0.000000		0.100000	359
1573	0.000000		0.104000	359
1574	0.000000		0.100000	359
1575	0.000000		0.100000	359
1576	0.000000		0.104000	359
1577	0.000000		0.100000	360
1578	0.000000		0.104000	360
1579	0.000000		0.100000	360
1580	0.000000		0.104000	360
1581	0.000000		0.100000	361
1582	0.000000		0.104000	361
1583	0.000000		0.100000	361
1584	0.000000		0.104000	361
1585	0.000000		0.100000	361
1586	0.000000		0.100000	362
1587	0.000000		0.100000	362
1588	0.000000		0.104000	362
1589	0.000000		0.104000	362
1590	0.000000		0.104000	363
1591	0.000000		0.104000	363
1592	0.000000		0.104000	363
1593	0.000000		0.104000	363
1594	0.000000		0.104000	364
1595	0.000000		0.104000	364
1596	0.000000		0.104000	364
1597	0.000000		0.104000	364
1598	0.000000		0.104000	364
1599	0.000000		0.104000	365
1600	0.000000		0.104000	365
1601	0.000000		0.100000	365
1602	0.000000		0.104000	365
1603	0.000000		0.104000	366
1604	0.000000		0.104000	366
1605	0.000000		0.104000	366
1606	0.000000		0.104000	366
1607	0.000000		0.104000	366
1608	0.000000		0.104000	367
1609	0.000000		0.100000	367
1610	0.000000		0.104000	367
1611	0.000000		0.100000	367
1612	0.000000		0.104000	368
1613	0.000000		0.100000	368
1614	0.000000		0.104000	368
1615	0.000000		0.100000	368
1616	0.000000		0.104000	369
1617	0.000000		0.100000	369
1618	0.000000		0.104000	369
1619	0.000000		0.100000	369
1620	0.000000		0.100000	369
1621	0.000000		0.100000	370
1622	0.000000		0.100000	370
1623	0.000000		0.100000	370
1624	0.000000		0.100000	370
1625	0.000000		0.100000	371
1626	0.000000		0.100000	371
1627	0.000000		0.100000	371
1628	0.000000		0.100000	371
1629	0.000000		0.100000	372
1630	0.000000		0.100000	372
1631	0.000000		0.100000	372
1632	0.000000		0.100000	372
1633	0.000000		0.100000	372
1634	0.000000		0.100000	373
1635	0.000000		0.100000	373
1636	0.000000		0.100000	373
1637	0.000000		0.100000	373
1638	0.000000		0.100000	374
1639	0.000000		0.100000	374
1640	0.000000		0.100000	374
1641	0.000000		0.100000	374
1642	0.000000		0.100000	374
1643	0.000000		0.100000	375
1644	0.000000		0.100000	375
1645	0.000000		0.100000	375
1646	0.000000		0.100000	375
1647	0.000000		0.100000	376
1648	0.000000		0.100000	376
1649	0.000000		0.100000	376
1650	0.000000		0.100000	376
1651	0.000000		0.100000	377
1652	0.000000		0.100000	377
1653	0.000000		0.100000	377
1654	0.000000		0.100000	377
1655	0.000000		0.100000	377
1656	0.000000		0.100000	378
1657	0.000000		0.100000	378
1658	0.000000		0.100000	378
1659	0.000000		0.100000	378
1660	0.000000		0.100000	379
1661	0.000000		0.100000	379
1662	0.000000		0.100000	379
1663	0.000000		0.100000	379
1664	0.000000		0.100000	379
1665	0.000000		0.100000	380
1666	0.000000		0.100000	380
1667	0.000000		0.100000	380
1668	0.000000		0.100000	380
1669	0.000000		0.100000	381
1670	0.000000		0.100000	381
1671	0.000000		0.100000	381
1672	0.000000		0.100000	381
1673	0.000000		0.100000	382
1674	0.000000		0.100000	382
1675	0.000000		0.100000	382
1676	0.000000		0.100000	382
1677	0.000000		0.100000	382
1678	0.000000		0.100000	383
1679	0.000000		0.100000	383
1680	0.000000		0.100000	383
1681	0.000000		0.100000	383
1682	0.000000		0.100000	384
1683	0.000000		0.100000	384
1684	0.000000		0.100000	384
1685	0.000000		0.100000	384
1686	0.000000		0.100000	384
1687	0.000000		0.100000	385
1688	0.000000		0.100000	385
1689	0.000000		0.100000	385
1690	0.000000		0.100000	385
1691	0.000000		0.100000	386
1692	0.000000		0.100000	386
1693	0.000000		0.100000	386
1694	0.000000		0.100000	386
1695	0.000000		0.100000	387
1696	0.000000		0.100000	387
1697	0.000000		0.100000	387
1698	0.000000		0.100000	387
1699	0.000000		0.100000	387
1700	0.000000		0.100000	388
1701	0.000000		0.100000	388
1702	0.000000		0.100000	388
1703	0.000000		0.100000	388
1704	0.000000		0.100000	389
1705	0.000000		0.100000	389
1706	0.000000		0.100000	389
1707	0.000000		0.100000	389
1708	0.000000		0.100000	389
1709	0.000000		0.100000	390
1710	0.000000		0.100000	390
1711	0.000000		0.100000	390
1712	0.000000		0.100000	390
1713	0.000000		0.100000	391
1714	0.000000		0.100000	391
1715	0.000000		0.100000	391
1716	0.000000		0.100000	391
1717	0.000000		0.100000	392
1718	0.000000		0.100000	392
1719	0.000000		0.100000	392
1720	0.000000		0.100000	392
1721	0.000000		0.100000	392
1722	0.000000		0.100000	393
1723	0.000000		0.100000	393
1724	0.000000		0.100000	393
1725	0.000000		0.100000	393
1726	0.000000		0.100000	394
1727	0.000000		0.100000	394
1728	0.000000		0.100000	394
1729	0.000000		0.100000	394
1730	0.000000		0.100000	394
1731	0.000000		0.100000	395
1732	0.000000		0.100000	395
1733	0.000000		0.100000	395
1734	0.000000		0.100000	395
1735	0.000000		0.100000	396
1736	0.000000		0.100000	396
1737	0.000000		0.100000	396
1738	0.000000		0.100000	396
1739	0.000000		0.100000	397
1740	0.000000		0.100000	397
1741	0.000000		0.100000	397
1742	0.000000		0.100000	397
1743	0.000000		0.100000	397
1744	0.000000		0.100000	398
1745	0.000000		0.100000	398
1746	0.000000		0.100000	398
1747	0.000000		0.100000	398
1748	0.000000		0.100000	399
1749	0.000000		0.100000	399
1750	0.000000		0.100000	399
1751	0.000000		0.100000	399
1752	0.000000		0.100000	399
1753	0.000000		0.100000	400
1754	0.000000		0.100000	400
1755	0.000000		0.100000	400
1756	0.000000		0.100000	400
1757	0.000000		0.100000	401
1758	0.000000		0.100000	401
1759	0.000000		0.100000	401
1760	0.000000		0.100000	401
1761	0.000000		0.100000	402
1762	0.000000		0.100000	402
1763	0.000000		0.100000	402
1764	0.000000		0.100000	402
1765	0.000000		0.100000	402
1766	0.000000		0.100000	403
1767	0.000000		0.100000	403
1768	0.000000		0.100000	403
1769	0.000000		0.100000	403
1770	0.000000		0.100000	404
1771	0.000000		0.100000	404
1772	0.000000		0.100000	404
1773	0.000000		0.100000	404
1774	0.000000		0.100000	404
1775	0.000000		0.100000	405
1776	0.000000		0.100000	405
1777	0.000000		0.100000	405
1778	0.000000		0.100000	405
1779	0.000000		0.100000	406
1780	0.000000		0.100000	406
1781	0.000000		0.100000	406
1782	0.000000		0.100000	406
1783	0.000000		0.100000	407
1784	0.000000		0.100000	407
1785	0.000000		0.100000	407
1786	0.000000		0.100000	407
1787	0.000000		0.100000	407
1788	0.000000		0.100000	408
1789	0.000000		0.100000	408
1790	0.000000		0.100000	408
1791	0.000000		0.100000	408
1792	0.000000		0.100000	409
1793	0.000000		0.100000	409
1794	0.000000		0.100000	409
1795	0.000000		0.100000	409
1796	0.000000		0.100000	409
1797	0.000000		0.100000	410
1798	0.000000		0.100000	410
1799	0.000000		0.100000	410
1800	0.000000		0.100000	410
1801	0.000000		0.100000	411
1802	0.000000		0.100000	411
1803	0.000000		0.100000	411
1804	0.000000		0.100000	411
1805	0.000000		0.100000	412
1806	0.000000		0.100000	412
1807	0.000000		0.100000	412
1808	0.000000		0.100000	412
1809	0.000000		0.100000	412
1810	0.000000		0.100000	413
1811	0.000000		0.100000	413
1812	0.000000		0.100000	413
1813	0.000000		0.100000	413
1814	0.000000		0.100000	414
1815	0.000000		0.100000	414
1816	0.000000		0.100000	414
1817	0.000000		0.100000	414
1818	0.000000		0.100000	414
1819	0.000000		0.100000	415
1820	0.000000		0.100000	415
1821	0.000000		0.100000	415
1822	0.000000		0.100000	415
1823	0.000000		0.100000	416
1824	0.000000		0.100000	416
1825	0.000000		0.100000	416
1826	0.000000		0.100000	416
1827	0.000000		0.100000	417
1828	0.000000		0.100000	417
1829	0.000000		0.100000	417
1830	0.000000		0.100000	417
1831	0.000000		0.100000	417
1832	0.000000		0.100000	418
1833	0.000000		0.100000	418
1834	0.000000		0.100000	418
1835	0.000000		0.096000	418
1836	0.000000		0.100000	419
1837	0.000000		0.100000	419
1838	0.000000		0.100000	419
1839	0.000000		0.096000	419
1840	0.000000		0.096000	419
1841	0.000000		0.096000	420
1842	0.000000		0.096000	420
1843	0.000000		0.096000	420
1844	0.000000		0.096000	420
1845	0.000000		0.096000	421
1846	0.000000		0.096000	421
1847	0.000000		0.096000	421
1848	0.000000		0.096000	421
1849	0.000000		0.096000	422
1850	0.000000		0.096000	422
1851	0.000000		0.096000	422
1852	0.000000		0.096000	422
1853	0.000000		0.096000	422
1854	0.000000		0.096000	423
1855	0.000000		0.096000	423
1856	0.000000		0.096000	423
1857	0.000000		0.096000	423
1858	0.000000		0.096000	424
1859	0.000000		0.096000	424
1860	0.000000		0.100000	424
1861	0.000000		0.096000	424
1862	0.000000		0.100000	425
1863	0.000000		0.096000	425
1864	0.000000		0.100000	425
1865	0.000000		0.096000	425
1866	0.000000		0.100000	425
1867	0.000000		0.100000	426
1868	0.000000		0.100000	426
1869	0.000000		0.100000	426
1870	0.000000		0.100000	426
1871	0.000000		0.100000	427
1872	0.000000		0.100000	427
1873	0.000000		0.100000	427
1874	0.000000		0.100000	427
1875	0.000000		0.100000	427
1876	0.000000		0.100000	428
1877	0.000000		0.100000	428
1878	0.000000		0.100000	428
1879	0.000000		0.100000	428
1880	0.000000		0.100000	429
1881	0.000000		0.100000	429
1882	0.000000		0.100000	429
1883	0.000000		0.100000	429
1884	0.000000		0.100000	430
1885	0.000000		0.100000	430
1886	0.000000		0.100000	430
1887	0.000000		0.100000	430
1888	0.000000		0.100000	430
1889	0.000000		0.100000	431
1890	0.000000		0.100000	431
1891	0.000000		0.100000	431
1892	0.000000		0.100000	431
1893	0.000000		0.100000	432
1894	0.000000		0.100000	432
1895	0.000000		0.100000	432
1896	0.000000		0.100000	432
1897	0.000000		0.100000	432
1898	0.000000		0.100000	433
1899	0.000000		0.100000	433
1900	0.000000		0.100000	433
1901	0.000000		0.100000	433
1902	0.000000		0.100000	434
1903	0.000000		0.100000	434
1904	0.000000		0.100000	434
1905	0.000000		0.100000	434
1906	0.000000		0.100000	435
1907	0.000000		0.100000	435
1908	0.000000		0.100000	435
1909	0.000000		0.100000	435
1910	0.000000		0.100000	435
1911	0.000000		0.100000	436
1912	0.000000		0.100000	436
1913	0.000000		0.100000	436
1914	0.000000		0.100000	436
1915	0.000000		0.100000	437
1916	0.000000		0.100000	437
1917	0.000000		0.100000	437
1918	0.000000		0.100000	437
1919	0.000000		0.104000	437
1920	0.000000		0.100000	438
1921	0.000000		0.100000	438
1922	0.000000		0.100000	438
1923	0.000000		0.100000	438
1924	0.000000		0.100000	439
1925	0.000000		0.100000	439
1926	0.000000		0.100000	439
1927	0.000000		0.100000	439
1928	0.000000		0.100000	440
1929	0.000000		0.100000	440
1930	0.000000		0.100000	440
1931	0.000000		0.100000	440
1932	0.000000		0.100000	440
1933	0.000000		0.100000	441
1934	0.000000		0.100000	441
1935	0.000000		0.100000	441
1936	0.000000		0.100000	441
1937	0.000000		0.100000	442
1938	0.000000		0.100000	442
1939	0.000000		0.104000	442
1940	0.000000		0.100000	442
1941	0.000000		0.104000	442
1942	0.000000		0.100000	443
1943	0.000000		0.100000	443
1944	0.000000		0.100000	443
1945	0.000000		0.100000	443
1946	0.000000		0.100000	444
1947	0.000000		0.100000	444
1948	0.000000		0.100000	444
1949	0.000000		0.104000	444
1950	0.000000		0.100000	445
1951	0.000000		0.104000	445
1952	0.000000		0.100000	445
1953	0.000000		0.104000	445
1954	0.000000		0.100000	445
1955	0.000000		0.104000	446
1956	0.000000		0.100000	446
1957	0.000000		0.104000	446
1958	0.000000		0.100000	446
1959	0.000000		0.104000	447
1960	0.000000		0.100000	447
1961	0.000000		0.104000	447
1962	0.000000		0.100000	447
1963	0.000000		0.104000	447
1964	0.000000		0.100000	448
1965	0.000000		0.100000	448
1966	0.000000		0.100000	448
1967	0.000000		0.104000	448
1968	0.000000		0.100000	449
1969	0.000000		0.104000	449
1970	0.000000		0.100000	449
1971	0.000000		0.100000	449
1972	0.000000		0.100000	450
1973	0.000000		0.100000	450
1974	0.000000		0.100000	450
1975	0.000000		0.100000	450
1976	0.000000		0.100000	450
1977	0.000000		0.100000	451
1978	0.000000		0.100000	451
1979	0.000000		0.100000	451
1980	0.000000		0.100000	451
1981	0.000000		0.100000	452
1982	0.000000		0.100000	452
1983	0.000000		0.100000	452
1984	0.000000		0.100000	452
1985	0.000000		0.100000	452
1986	0.000000		0.100000	453
1987	0.000000		0.100000	453
1988	0.000000		0.100000	453
1989	0.000000		0.100000	453
1990	0.000000		0.100000	454
1991	0.000000		0.100000	454
1992	0.000000		0.100000	454
1993	0.000000		0.100000	454
1994	0.000000		0.100000	455
1995	0.000000		0.100000	455
1996	0.000000		0.100000	455
1997	0.000000		0.100000	455
1998	0.000000		0.100000	455
1999	0.000000		0.100000	456
2000	0.000000		0.100000	456
