0	0.300889		0.284000	0
1	0.063111		0.064000	1
2	0.063111		0.064000	1
3	0.063111		0.064000	1
4	0.063111		0.064000	1
5	0.063111		0.064000	2
6	0.063111		0.064000	2
7	0.063111		0.064000	2
8	0.063111		0.064000	2
9	0.063111		0.064000	3
10	0.063111		0.064000	3
11	0.063111		0.064000	3
12	0.063111		0.064000	3
13	0.063111		0.064000	3
14	0.063111		0.064000	4
15	0.063111		0.064000	4
16	0.062667		0.064000	4
17	0.063111		0.064000	4
18	0.062667		0.064000	5
19	0.063556		0.064000	5
20	0.062222		0.064000	5
21	0.062222		0.064000	5
22	0.062667		0.064000	5
23	0.063111		0.064000	6
24	0.061778		0.064000	6
25	0.061778		0.064000	6
26	0.061333		0.064000	6
27	0.061778		0.064000	7
28	0.061333		0.064000	7
29	0.061778		0.064000	7
30	0.061333		0.064000	7
31	0.061778		0.064000	8
32	0.061333		0.064000	8
33	0.061778		0.068000	8
34	0.061333		0.060000	8
35	0.060444		0.068000	8
36	0.061333		0.064000	9
37	0.060889		0.068000	9
38	0.061778		0.064000	9
39	0.060889		0.068000	9
40	0.061778		0.068000	10
41	0.061333		0.068000	10
42	0.061778		0.068000	10
43	0.061333		0.068000	10
44	0.061778		0.064000	10
45	0.060889		0.064000	11
46	0.060000		0.064000	11
47	0.060444		0.064000	11
48	0.060444		0.064000	11
49	0.060444		0.064000	12
50	0.060000		0.064000	12
51	0.060000		0.068000	12
52	0.060444		0.072000	12
53	0.060000		0.068000	13
54	0.060000		0.072000	13
55	0.060000		0.068000	13
56	0.060000		0.072000	13
57	0.060444		0.068000	13
58	0.059556		0.072000	14
59	0.060444		0.068000	14
60	0.059556		0.072000	14
61	0.060444		0.068000	14
62	0.059556		0.072000	15
63	0.060444		0.068000	15
64	0.059556		0.072000	15
65	0.060444		0.068000	15
66	0.059556		0.072000	15
67	0.060444		0.076000	16
68	0.060000		0.076000	16
69	0.060889		0.076000	16
70	0.060000		0.076000	16
71	0.060000		0.076000	17
72	0.060000		0.076000	17
73	0.060000		0.076000	17
74	0.059556		0.076000	17
75	0.058667		0.076000	18
76	0.057778		0.076000	18
77	0.057333		0.076000	18
78	0.056444		0.076000	18
79	0.057778		0.076000	18
80	0.055556		0.076000	19
81	0.057333		0.076000	19
82	0.055111		0.072000	19
83	0.057778		0.076000	19
84	0.056444		0.072000	20
85	0.056889		0.076000	20
86	0.055556		0.076000	20
87	0.056000		0.076000	20
88	0.055556		0.068000	20
89	0.056444		0.084000	21
90	0.053333		0.068000	21
91	0.055111		0.072000	21
92	0.054222		0.068000	21
93	0.054667		0.076000	22
94	0.055111		0.076000	22
95	0.055111		0.076000	22
96	0.055111		0.076000	22
97	0.054222		0.076000	23
98	0.054667		0.076000	23
99	0.053778		0.076000	23
100	0.053778		0.076000	23
101	0.053778		0.080000	23
102	0.054667		0.076000	24
103	0.053333		0.080000	24
104	0.053778		0.076000	24
105	0.053333		0.080000	24
106	0.053778		0.076000	25
107	0.052444		0.080000	25
108	0.053333		0.072000	25
109	0.052889		0.080000	25
110	0.052444		0.076000	25
111	0.053778		0.076000	26
112	0.052889		0.072000	26
113	0.052889		0.072000	26
114	0.052889		0.072000	26
115	0.053333		0.072000	27
116	0.052889		0.072000	27
117	0.053333		0.072000	27
118	0.052889		0.072000	27
119	0.053333		0.072000	28
120	0.052889		0.072000	28
121	0.052889		0.072000	28
122	0.052444		0.072000	28
123	0.052444		0.072000	28
124	0.052444		0.072000	29
125	0.052444		0.072000	29
126	0.051556		0.072000	29
127	0.053333		0.072000	29
128	0.049333		0.072000	30
129	0.050667		0.076000	30
130	0.049778		0.076000	30
131	0.052000		0.080000	30
132	0.049333		0.076000	30
133	0.052444		0.080000	31
134	0.047556		0.076000	31
135	0.051556		0.080000	31
136	0.049333		0.076000	31
137	0.050222		0.080000	32
138	0.048889		0.076000	32
139	0.049778		0.080000	32
140	0.048889		0.076000	32
141	0.049333		0.076000	33
142	0.048000		0.076000	33
143	0.048889		0.072000	33
144	0.047556		0.076000	33
145	0.048889		0.072000	33
146	0.047556		0.076000	34
147	0.048889		0.072000	34
148	0.047111		0.072000	34
149	0.049778		0.072000	34
150	0.047111		0.072000	35
151	0.050222		0.072000	35
152	0.047111		0.072000	35
153	0.050222		0.072000	35
154	0.047111		0.072000	35
155	0.050667		0.072000	36
156	0.044000		0.072000	36
157	0.048889		0.076000	36
158	0.044889		0.076000	36
159	0.048000		0.076000	37
160	0.045333		0.076000	37
161	0.044889		0.076000	37
162	0.045778		0.076000	37
163	0.044889		0.076000	38
164	0.046667		0.076000	38
165	0.045333		0.076000	38
166	0.044889		0.076000	38
167	0.045778		0.076000	38
168	0.044000		0.076000	39
169	0.044889		0.076000	39
170	0.044444		0.076000	39
171	0.044889		0.076000	39
172	0.044444		0.076000	40
173	0.044000		0.076000	40
174	0.045778		0.076000	40
175	0.043111		0.076000	40
176	0.045333		0.076000	40
177	0.041333		0.076000	41
178	0.044444		0.076000	41
179	0.042667		0.072000	41
180	0.044444		0.076000	41
181	0.041333		0.072000	42
182	0.043556		0.076000	42
183	0.040444		0.072000	42
184	0.041333		0.076000	42
185	0.040444		0.076000	43
186	0.040889		0.076000	43
187	0.041333		0.076000	43
188	0.040889		0.076000	43
189	0.041333		0.076000	43
190	0.040444		0.076000	44
191	0.041778		0.076000	44
192	0.040444		0.076000	44
193	0.040444		0.076000	44
194	0.037333		0.076000	45
195	0.039556		0.076000	45
196	0.037333		0.076000	45
197	0.038222		0.076000	45
198	0.037778		0.076000	45
199	0.038222		0.076000	46
200	0.038667		0.076000	46
201	0.038667		0.076000	46
202	0.036444		0.076000	46
203	0.039556		0.076000	47
204	0.037333		0.076000	47
205	0.038222		0.076000	47
206	0.036889		0.076000	47
207	0.037778		0.076000	48
208	0.035556		0.076000	48
209	0.037778		0.076000	48
210	0.035111		0.072000	48
211	0.039111		0.076000	48
212	0.034222		0.072000	49
213	0.037778		0.076000	49
214	0.034667		0.072000	49
215	0.038667		0.076000	49
216	0.036000		0.076000	50
217	0.037778		0.076000	50
218	0.034667		0.072000	50
219	0.037333		0.076000	50
220	0.036444		0.072000	50
221	0.036444		0.076000	51
222	0.035111		0.072000	51
223	0.035556		0.076000	51
224	0.035556		0.072000	51
225	0.033778		0.076000	52
226	0.034667		0.072000	52
227	0.033778		0.076000	52
228	0.034222		0.072000	52
229	0.034222		0.076000	53
230	0.034667		0.072000	53
231	0.034222		0.076000	53
232	0.033778		0.072000	53
233	0.036000		0.076000	53
234	0.031111		0.072000	54
235	0.034222		0.076000	54
236	0.030667		0.072000	54
237	0.030667		0.076000	54
238	0.031556		0.072000	55
239	0.032000		0.076000	55
240	0.032444		0.072000	55
241	0.032444		0.072000	55
242	0.031111		0.076000	55
243	0.030667		0.072000	56
244	0.031111		0.076000	56
245	0.030222		0.072000	56
246	0.032889		0.076000	56
247	0.032889		0.076000	57
248	0.033333		0.072000	57
249	0.032444		0.076000	57
250	0.030667		0.072000	57
251	0.032889		0.076000	58
252	0.031111		0.072000	58
253	0.032444		0.076000	58
254	0.030667		0.072000	58
255	0.032444		0.076000	58
256	0.031556		0.072000	59
257	0.032889		0.076000	59
258	0.030667		0.076000	59
259	0.034222		0.076000	59
260	0.029333		0.076000	60
261	0.034222		0.076000	60
262	0.027556		0.076000	60
263	0.032000		0.076000	60
264	0.028000		0.076000	60
265	0.029778		0.076000	61
266	0.027556		0.076000	61
267	0.030222		0.076000	61
268	0.028444		0.076000	61
269	0.029778		0.076000	62
270	0.028444		0.076000	62
271	0.030222		0.076000	62
272	0.026667		0.076000	62
273	0.029778		0.076000	62
274	0.026667		0.076000	63
275	0.029333		0.076000	63
276	0.027111		0.076000	63
277	0.029333		0.076000	63
278	0.025778		0.076000	64
279	0.027556		0.076000	64
280	0.024889		0.076000	64
281	0.027556		0.076000	64
282	0.026222		0.076000	65
283	0.028000		0.076000	65
284	0.026222		0.076000	65
285	0.027556		0.076000	65
286	0.025333		0.076000	65
287	0.027556		0.076000	66
288	0.025778		0.076000	66
289	0.026222		0.076000	66
290	0.024444		0.076000	66
291	0.024444		0.076000	67
292	0.024444		0.076000	67
293	0.023556		0.076000	67
294	0.022222		0.076000	67
295	0.024889		0.076000	67
296	0.022222		0.076000	68
297	0.022667		0.076000	68
298	0.023111		0.076000	68
299	0.023111		0.076000	68
300	0.021778		0.076000	69
301	0.024444		0.076000	69
302	0.021778		0.076000	69
303	0.022222		0.076000	69
304	0.019556		0.076000	70
305	0.024444		0.076000	70
306	0.020444		0.076000	70
307	0.024000		0.072000	70
308	0.020000		0.068000	70
309	0.023556		0.072000	71
310	0.020444		0.068000	71
311	0.022667		0.072000	71
312	0.020000		0.068000	71
313	0.022667		0.072000	72
314	0.020000		0.068000	72
315	0.021333		0.072000	72
316	0.020889		0.068000	72
317	0.020444		0.072000	72
318	0.021778		0.068000	73
319	0.020444		0.072000	73
320	0.022222		0.068000	73
321	0.019111		0.072000	73
322	0.017778		0.068000	74
323	0.021333		0.068000	74
324	0.016889		0.072000	74
325	0.020000		0.068000	74
326	0.016889		0.068000	75
327	0.019556		0.068000	75
328	0.017333		0.068000	75
329	0.020000		0.068000	75
330	0.018667		0.068000	75
331	0.020000		0.068000	76
332	0.017333		0.068000	76
333	0.019111		0.068000	76
334	0.017333		0.068000	76
335	0.020000		0.068000	77
336	0.016444		0.068000	77
337	0.019556		0.072000	77
338	0.016889		0.068000	77
339	0.020000		0.072000	77
340	0.015556		0.068000	78
341	0.019556		0.068000	78
342	0.015556		0.068000	78
343	0.016000		0.068000	78
344	0.016000		0.068000	79
345	0.015556		0.068000	79
346	0.016000		0.068000	79
347	0.016000		0.068000	79
348	0.016000		0.068000	80
349	0.016444		0.068000	80
350	0.014667		0.068000	80
351	0.015556		0.068000	80
352	0.015111		0.068000	80
353	0.018667		0.068000	81
354	0.016000		0.068000	81
355	0.015556		0.068000	81
356	0.016000		0.068000	81
357	0.014667		0.068000	82
358	0.016000		0.068000	82
359	0.014667		0.068000	82
360	0.016000		0.068000	82
361	0.014222		0.068000	82
362	0.015111		0.068000	83
363	0.014222		0.072000	83
364	0.014222		0.068000	83
365	0.013778		0.072000	83
366	0.015111		0.068000	84
367	0.014667		0.072000	84
368	0.016000		0.072000	84
369	0.014667		0.072000	84
370	0.015111		0.072000	85
371	0.015111		0.068000	85
372	0.014667		0.072000	85
373	0.013778		0.076000	85
374	0.015556		0.076000	85
375	0.013333		0.072000	86
376	0.015556		0.076000	86
377	0.012889		0.076000	86
378	0.013333		0.076000	86
379	0.012444		0.076000	87
380	0.013333		0.076000	87
381	0.012000		0.076000	87
382	0.010667		0.076000	87
383	0.011556		0.076000	87
384	0.012444		0.076000	88
385	0.011556		0.076000	88
386	0.012889		0.076000	88
387	0.010667		0.072000	88
388	0.012889		0.076000	89
389	0.011111		0.076000	89
390	0.012444		0.072000	89
391	0.010667		0.080000	89
392	0.012889		0.076000	90
393	0.010667		0.076000	90
394	0.012000		0.076000	90
395	0.010222		0.076000	90
396	0.011111		0.076000	90
397	0.010667		0.080000	91
398	0.010667		0.076000	91
399	0.011111		0.080000	91
400	0.009778		0.080000	91
401	0.012000		0.076000	92
402	0.009778		0.076000	92
403	0.011111		0.076000	92
404	0.008889		0.076000	92
405	0.010667		0.076000	92
406	0.008444		0.076000	93
407	0.011111		0.072000	93
408	0.010667		0.076000	93
409	0.009333		0.072000	93
410	0.010667		0.076000	94
411	0.008889		0.072000	94
412	0.009778		0.072000	94
413	0.008444		0.072000	94
414	0.010222		0.072000	95
415	0.007556		0.072000	95
416	0.009778		0.072000	95
417	0.008444		0.072000	95
418	0.008000		0.072000	95
419	0.009333		0.076000	96
420	0.008000		0.072000	96
421	0.008889		0.076000	96
422	0.007556		0.072000	96
423	0.007556		0.076000	97
424	0.008000		0.072000	97
425	0.006667		0.076000	97
426	0.006222		0.072000	97
427	0.007111		0.076000	97
428	0.006222		0.072000	98
429	0.007111		0.072000	98
430	0.006222		0.072000	98
431	0.007556		0.076000	98
432	0.006667		0.076000	99
433	0.008889		0.076000	99
434	0.006222		0.080000	99
435	0.008000		0.076000	99
436	0.006667		0.080000	100
437	0.007111		0.080000	100
438	0.006222		0.080000	100
439	0.006667		0.080000	100
440	0.005333		0.080000	100
441	0.006667		0.080000	101
442	0.005333		0.080000	101
443	0.006222		0.080000	101
444	0.005778		0.080000	101
445	0.006222		0.080000	102
446	0.006222		0.080000	102
447	0.005778		0.080000	102
448	0.005778		0.080000	102
449	0.005778		0.080000	102
450	0.005778		0.080000	103
451	0.005333		0.080000	103
452	0.004889		0.080000	103
453	0.005333		0.072000	103
454	0.005333		0.072000	104
455	0.006222		0.072000	104
456	0.005333		0.072000	104
457	0.006222		0.072000	104
458	0.004889		0.072000	105
459	0.006222		0.076000	105
460	0.004889		0.072000	105
461	0.005778		0.076000	105
462	0.004444		0.072000	105
463	0.005778		0.076000	106
464	0.004889		0.072000	106
465	0.005778		0.076000	106
466	0.004889		0.072000	106
467	0.005778		0.072000	107
468	0.004444		0.072000	107
469	0.005333		0.072000	107
470	0.004000		0.072000	107
471	0.004889		0.072000	107
472	0.003556		0.072000	108
473	0.004889		0.072000	108
474	0.004000		0.072000	108
475	0.004444		0.072000	108
476	0.004000		0.072000	109
477	0.004889		0.072000	109
478	0.004000		0.072000	109
479	0.004444		0.072000	109
480	0.002667		0.072000	109
481	0.004444		0.072000	110
482	0.004000		0.072000	110
483	0.004444		0.076000	110
484	0.003556		0.076000	110
485	0.004444		0.076000	111
486	0.004000		0.076000	111
487	0.004889		0.076000	111
488	0.003556		0.076000	111
489	0.004444		0.076000	112
490	0.004000		0.072000	112
491	0.004000		0.072000	112
492	0.004000		0.072000	112
493	0.004444		0.072000	112
494	0.003556		0.072000	113
495	0.003556		0.072000	113
496	0.003556		0.072000	113
497	0.004000		0.072000	113
498	0.002667		0.072000	114
499	0.004000		0.072000	114
500	0.002667		0.076000	114
501	0.004000		0.076000	114
502	0.002222		0.076000	114
503	0.003556		0.076000	115
504	0.002222		0.076000	115
505	0.002222		0.076000	115
506	0.002222		0.072000	115
507	0.002667		0.072000	116
508	0.002222		0.072000	116
509	0.003111		0.072000	116
510	0.002667		0.072000	116
511	0.002667		0.072000	117
512	0.003111		0.072000	117
513	0.002222		0.072000	117
514	0.003111		0.072000	117
515	0.002222		0.072000	117
516	0.003111		0.072000	118
517	0.002222		0.072000	118
518	0.003111		0.072000	118
519	0.001333		0.072000	118
520	0.002667		0.072000	119
521	0.001333		0.072000	119
522	0.002222		0.072000	119
523	0.001778		0.072000	119
524	0.002667		0.072000	119
525	0.002667		0.072000	120
526	0.002222		0.072000	120
527	0.002222		0.076000	120
528	0.002667		0.072000	120
529	0.001778		0.072000	121
530	0.002667		0.072000	121
531	0.002222		0.076000	121
532	0.002667		0.072000	121
533	0.001333		0.080000	122
534	0.003111		0.072000	122
535	0.001778		0.080000	122
536	0.003111		0.072000	122
537	0.001778		0.076000	122
538	0.002667		0.072000	123
539	0.001778		0.076000	123
540	0.002667		0.072000	123
541	0.001778		0.076000	123
542	0.001778		0.072000	124
543	0.001778		0.076000	124
544	0.002222		0.072000	124
545	0.001778		0.076000	124
546	0.000889		0.072000	124
547	0.001778		0.076000	125
548	0.000889		0.072000	125
549	0.001333		0.076000	125
550	0.000889		0.072000	125
551	0.001333		0.076000	126
552	0.000444		0.076000	126
553	0.001333		0.076000	126
554	0.000444		0.076000	126
555	0.001333		0.076000	127
556	0.000444		0.076000	127
557	0.001333		0.076000	127
558	0.001333		0.076000	127
559	0.000889		0.076000	127
560	0.001333		0.076000	128
561	0.001333		0.076000	128
562	0.001333		0.068000	128
563	0.001778		0.072000	128
564	0.000444		0.072000	129
565	0.001333		0.072000	129
566	0.000444		0.072000	129
567	0.001333		0.072000	129
568	0.000444		0.076000	129
569	0.001333		0.072000	130
570	0.000889		0.076000	130
571	0.001333		0.072000	130
572	0.000444		0.076000	130
573	0.001333		0.072000	131
574	0.000889		0.068000	131
575	0.001333		0.072000	131
576	0.001333		0.072000	131
577	0.001333		0.072000	132
578	0.001778		0.072000	132
579	0.000889		0.072000	132
580	0.001778		0.072000	132
581	0.000889		0.072000	132
582	0.001778		0.072000	133
583	0.000889		0.072000	133
584	0.000889		0.072000	133
585	0.000889		0.072000	133
586	0.000889		0.072000	134
587	0.000889		0.072000	134
588	0.000889		0.072000	134
589	0.000889		0.072000	134
590	0.000889		0.072000	134
591	0.000889		0.072000	135
592	0.000889		0.076000	135
593	0.000889		0.072000	135
594	0.000889		0.072000	135
595	0.000889		0.072000	136
596	0.000889		0.072000	136
597	0.000889		0.072000	136
598	0.000889		0.068000	136
599	0.000889		0.072000	137
600	0.000889		0.068000	137
601	0.000889		0.072000	137
602	0.000444		0.072000	137
603	0.000444		0.076000	137
604	0.000000		0.072000	138
605	0.000444		0.080000	138
606	0.000000		0.072000	138
607	0.000444		0.080000	138
608	0.000000		0.072000	139
609	0.000444		0.080000	139
610	0.000000		0.072000	139
611	0.000444		0.080000	139
612	0.000000		0.076000	139
613	0.000000		0.080000	140
614	0.000000		0.076000	140
615	0.000000		0.080000	140
616	0.000000		0.076000	140
617	0.000000		0.076000	141
618	0.000000		0.072000	141
619	0.000000		0.076000	141
620	0.000000		0.072000	141
621	0.000000		0.076000	142
622	0.000000		0.072000	142
623	0.000000		0.076000	142
624	0.000000		0.072000	142
625	0.000000		0.076000	142
626	0.000000		0.072000	143
627	0.000000		0.076000	143
628	0.000000		0.072000	143
629	0.000000		0.072000	143
630	0.000000		0.072000	144
631	0.000000		0.072000	144
632	0.000000		0.072000	144
633	0.000000		0.072000	144
634	0.000000		0.072000	144
635	0.000000		0.072000	145
636	0.000000		0.072000	145
637	0.000000		0.076000	145
638	0.000000		0.072000	145
639	0.000000		0.068000	146
640	0.000000		0.072000	146
641	0.000000		0.068000	146
642	0.000000		0.072000	146
643	0.000000		0.068000	146
644	0.000000		0.072000	147
645	0.000000		0.068000	147
646	0.000000		0.072000	147
647	0.000000		0.068000	147
648	0.000000		0.072000	148
649	0.000000		0.068000	148
650	0.000000		0.072000	148
651	0.000000		0.068000	148
652	0.000000		0.072000	149
653	0.000000		0.068000	149
654	0.000000		0.072000	149
655	0.000000		0.068000	149
656	0.000000		0.072000	149
657	0.000000		0.068000	150
658	0.000000		0.072000	150
659	0.000000		0.068000	150
660	0.000000		0.072000	150
661	0.000000		0.068000	151
662	0.000000		0.072000	151
663	0.000000		0.068000	151
664	0.000000		0.072000	151
665	0.000000		0.068000	151
666	0.000000		0.072000	152
667	0.000000		0.068000	152
668	0.000000		0.072000	152
669	0.000000		0.068000	152
670	0.000000		0.072000	153
671	0.000000		0.072000	153
672	0.000000		0.072000	153
673	0.000000		0.072000	153
674	0.000000		0.072000	154
675	0.000000		0.072000	154
676	0.000000		0.072000	154
677	0.000000		0.072000	154
678	0.000000		0.072000	154
679	0.000000		0.072000	155
680	0.000000		0.072000	155
681	0.000000		0.072000	155
682	0.000000		0.072000	155
683	0.000000		0.072000	156
684	0.000000		0.072000	156
685	0.000000		0.072000	156
686	0.000000		0.072000	156
687	0.000000		0.072000	156
688	0.000000		0.072000	157
689	0.000000		0.072000	157
690	0.000000		0.072000	157
691	0.000000		0.068000	157
692	0.000000		0.068000	158
693	0.000000		0.072000	158
694	0.000000		0.068000	158
695	0.000000		0.072000	158
696	0.000000		0.068000	159
697	0.000000		0.068000	159
698	0.000000		0.068000	159
699	0.000000		0.072000	159
700	0.000000		0.068000	159
701	0.000000		0.072000	160
702	0.000000		0.068000	160
703	0.000000		0.072000	160
704	0.000000		0.068000	160
705	0.000000		0.072000	161
706	0.000000		0.068000	161
707	0.000000		0.072000	161
708	0.000000		0.068000	161
709	0.000000		0.072000	161
710	0.000000		0.068000	162
711	0.000000		0.072000	162
712	0.000000		0.068000	162
713	0.000000		0.072000	162
714	0.000000		0.068000	163
715	0.000000		0.072000	163
716	0.000000		0.072000	163
717	0.000000		0.072000	163
718	0.000000		0.072000	164
719	0.000000		0.072000	164
720	0.000000		0.072000	164
721	0.000000		0.072000	164
722	0.000000		0.072000	164
723	0.000000		0.072000	165
724	0.000000		0.072000	165
725	0.000000		0.072000	165
726	0.000000		0.072000	165
727	0.000000		0.072000	166
728	0.000000		0.068000	166
729	0.000000		0.072000	166
730	0.000000		0.068000	166
731	0.000000		0.072000	166
732	0.000000		0.068000	167
733	0.000000		0.076000	167
734	0.000000		0.068000	167
735	0.000000		0.076000	167
736	0.000000		0.068000	168
737	0.000000		0.076000	168
738	0.000000		0.068000	168
739	0.000000		0.076000	168
740	0.000000		0.068000	169
741	0.000000		0.076000	169
742	0.000000		0.068000	169
743	0.000000		0.076000	169
744	0.000000		0.068000	169
745	0.000000		0.076000	170
746	0.000000		0.068000	170
747	0.000000		0.076000	170
748	0.000000		0.068000	170
749	0.000000		0.076000	171
750	0.000000		0.068000	171
751	0.000000		0.076000	171
752	0.000000		0.068000	171
753	0.000000		0.076000	171
754	0.000000		0.068000	172
755	0.000000		0.076000	172
756	0.000000		0.072000	172
757	0.000000		0.072000	172
758	0.000000		0.072000	173
759	0.000000		0.072000	173
760	0.000000		0.072000	173
761	0.000000		0.072000	173
762	0.000000		0.072000	174
763	0.000000		0.072000	174
764	0.000000		0.068000	174
765	0.000000		0.072000	174
766	0.000000		0.072000	174
767	0.000000		0.072000	175
768	0.000000		0.072000	175
769	0.000000		0.072000	175
770	0.000000		0.072000	175
771	0.000000		0.072000	176
772	0.000000		0.072000	176
773	0.000000		0.072000	176
774	0.000000		0.072000	176
775	0.000000		0.072000	176
776	0.000000		0.072000	177
777	0.000000		0.072000	177
778	0.000000		0.072000	177
779	0.000000		0.076000	177
780	0.000000		0.076000	178
781	0.000000		0.076000	178
782	0.000000		0.076000	178
783	0.000000		0.076000	178
784	0.000000		0.076000	179
785	0.000000		0.076000	179
786	0.000000		0.076000	179
787	0.000000		0.076000	179
788	0.000000		0.076000	179
789	0.000000		0.076000	180
790	0.000000		0.076000	180
791	0.000000		0.076000	180
792	0.000000		0.076000	180
793	0.000000		0.076000	181
794	0.000000		0.072000	181
795	0.000000		0.072000	181
796	0.000000		0.072000	181
797	0.000000		0.076000	181
798	0.000000		0.076000	182
799	0.000000		0.076000	182
800	0.000000		0.076000	182
801	0.000000		0.076000	182
802	0.000000		0.076000	183
803	0.000000		0.076000	183
804	0.000000		0.076000	183
805	0.000000		0.076000	183
806	0.000000		0.076000	184
807	0.000000		0.076000	184
808	0.000000		0.076000	184
809	0.000000		0.076000	184
810	0.000000		0.076000	184
811	0.000000		0.076000	185
812	0.000000		0.076000	185
813	0.000000		0.076000	185
814	0.000000		0.072000	185
815	0.000000		0.076000	186
816	0.000000		0.072000	186
817	0.000000		0.076000	186
818	0.000000		0.072000	186
819	0.000000		0.076000	186
820	0.000000		0.072000	187
821	0.000000		0.076000	187
822	0.000000		0.072000	187
823	0.000000		0.076000	187
824	0.000000		0.072000	188
825	0.000000		0.076000	188
826	0.000000		0.072000	188
827	0.000000		0.076000	188
828	0.000000		0.072000	188
829	0.000000		0.076000	189
830	0.000000		0.076000	189
831	0.000000		0.076000	189
832	0.000000		0.076000	189
833	0.000000		0.076000	190
834	0.000000		0.076000	190
835	0.000000		0.076000	190
836	0.000000		0.076000	190
837	0.000000		0.076000	191
838	0.000000		0.076000	191
839	0.000000		0.076000	191
840	0.000000		0.076000	191
841	0.000000		0.076000	191
842	0.000000		0.072000	192
843	0.000000		0.076000	192
844	0.000000		0.076000	192
845	0.000000		0.076000	192
846	0.000000		0.076000	193
847	0.000000		0.072000	193
848	0.000000		0.076000	193
849	0.000000		0.072000	193
850	0.000000		0.076000	193
851	0.000000		0.076000	194
852	0.000000		0.076000	194
853	0.000000		0.076000	194
854	0.000000		0.076000	194
855	0.000000		0.072000	195
856	0.000000		0.076000	195
857	0.000000		0.076000	195
858	0.000000		0.076000	195
859	0.000000		0.076000	196
860	0.000000		0.076000	196
861	0.000000		0.076000	196
862	0.000000		0.076000	196
863	0.000000		0.072000	196
864	0.000000		0.076000	197
865	0.000000		0.072000	197
866	0.000000		0.076000	197
867	0.000000		0.072000	197
868	0.000000		0.076000	198
869	0.000000		0.072000	198
870	0.000000		0.072000	198
871	0.000000		0.072000	198
872	0.000000		0.072000	198
873	0.000000		0.072000	199
874	0.000000		0.072000	199
875	0.000000		0.072000	199
876	0.000000		0.072000	199
877	0.000000		0.072000	200
878	0.000000		0.072000	200
879	0.000000		0.072000	200
880	0.000000		0.072000	200
881	0.000000		0.072000	201
882	0.000000		0.072000	201
883	0.000000		0.072000	201
884	0.000000		0.072000	201
885	0.000000		0.072000	201
886	0.000000		0.072000	202
887	0.000000		0.072000	202
888	0.000000		0.072000	202
889	0.000000		0.072000	202
890	0.000000		0.072000	203
891	0.000000		0.072000	203
892	0.000000		0.072000	203
893	0.000000		0.072000	203
894	0.000000		0.072000	203
895	0.000000		0.072000	204
896	0.000000		0.072000	204
897	0.000000		0.072000	204
898	0.000000		0.072000	204
899	0.000000		0.072000	205
900	0.000000		0.072000	205
901	0.000000		0.072000	205
902	0.000000		0.072000	205
903	0.000000		0.072000	206
904	0.000000		0.072000	206
905	0.000000		0.072000	206
906	0.000000		0.072000	206
907	0.000000		0.072000	206
908	0.000000		0.072000	207
909	0.000000		0.072000	207
910	0.000000		0.072000	207
911	0.000000		0.072000	207
912	0.000000		0.072000	208
913	0.000000		0.072000	208
914	0.000000		0.072000	208
915	0.000000		0.072000	208
916	0.000000		0.072000	208
917	0.000000		0.068000	209
918	0.000000		0.068000	209
919	0.000000		0.068000	209
920	0.000000		0.068000	209
921	0.000000		0.068000	210
922	0.000000		0.068000	210
923	0.000000		0.068000	210
924	0.000000		0.068000	210
925	0.000000		0.068000	211
926	0.000000		0.068000	211
927	0.000000		0.068000	211
928	0.000000		0.068000	211
929	0.000000		0.068000	211
930	0.000000		0.068000	212
931	0.000000		0.068000	212
932	0.000000		0.068000	212
933	0.000000		0.068000	212
934	0.000000		0.068000	213
935	0.000000		0.068000	213
936	0.000000		0.068000	213
937	0.000000		0.068000	213
938	0.000000		0.068000	213
939	0.000000		0.068000	214
940	0.000000		0.068000	214
941	0.000000		0.068000	214
942	0.000000		0.068000	214
943	0.000000		0.068000	215
944	0.000000		0.068000	215
945	0.000000		0.068000	215
946	0.000000		0.068000	215
947	0.000000		0.068000	216
948	0.000000		0.068000	216
949	0.000000		0.068000	216
950	0.000000		0.068000	216
951	0.000000		0.068000	216
952	0.000000		0.068000	217
953	0.000000		0.068000	217
954	0.000000		0.068000	217
955	0.000000		0.068000	217
956	0.000000		0.068000	218
957	0.000000		0.068000	218
958	0.000000		0.068000	218
959	0.000000		0.068000	218
960	0.000000		0.068000	218
961	0.000000		0.068000	219
962	0.000000		0.068000	219
963	0.000000		0.068000	219
964	0.000000		0.068000	219
965	0.000000		0.068000	220
966	0.000000		0.068000	220
967	0.000000		0.068000	220
968	0.000000		0.068000	220
969	0.000000		0.068000	221
970	0.000000		0.068000	221
971	0.000000		0.068000	221
972	0.000000		0.068000	221
973	0.000000		0.068000	221
974	0.000000		0.068000	222
975	0.000000		0.068000	222
976	0.000000		0.068000	222
977	0.000000		0.068000	222
978	0.000000		0.068000	223
979	0.000000		0.068000	223
980	0.000000		0.068000	223
981	0.000000		0.068000	223
982	0.000000		0.068000	223
983	0.000000		0.068000	224
984	0.000000		0.068000	224
985	0.000000		0.068000	224
986	0.000000		0.068000	224
987	0.000000		0.068000	225
988	0.000000		0.068000	225
989	0.000000		0.068000	225
990	0.000000		0.068000	225
991	0.000000		0.068000	226
992	0.000000		0.068000	226
993	0.000000		0.068000	226
994	0.000000		0.068000	226
995	0.000000		0.068000	226
996	0.000000		0.068000	227
997	0.000000		0.068000	227
998	0.000000		0.068000	227
999	0.000000		0.068000	227
1000	0.000000		0.068000	228
1001	0.000000		0.068000	228
1002	0.000000		0.068000	228
1003	0.000000		0.068000	228
1004	0.000000		0.068000	228
1005	0.000000		0.068000	229
1006	0.000000		0.068000	229
1007	0.000000		0.068000	229
1008	0.000000		0.068000	229
1009	0.000000		0.068000	230
1010	0.000000		0.068000	230
1011	0.000000		0.072000	230
1012	0.000000		0.068000	230
1013	0.000000		0.068000	231
1014	0.000000		0.068000	231
1015	0.000000		0.068000	231
1016	0.000000		0.068000	231
1017	0.000000		0.068000	231
1018	0.000000		0.068000	232
1019	0.000000		0.068000	232
1020	0.000000		0.068000	232
1021	0.000000		0.068000	232
1022	0.000000		0.068000	233
1023	0.000000		0.068000	233
1024	0.000000		0.068000	233
1025	0.000000		0.068000	233
1026	0.000000		0.068000	233
1027	0.000000		0.068000	234
1028	0.000000		0.068000	234
1029	0.000000		0.068000	234
1030	0.000000		0.072000	234
1031	0.000000		0.072000	235
1032	0.000000		0.072000	235
1033	0.000000		0.072000	235
1034	0.000000		0.072000	235
1035	0.000000		0.072000	236
1036	0.000000		0.072000	236
1037	0.000000		0.068000	236
1038	0.000000		0.068000	236
1039	0.000000		0.068000	236
1040	0.000000		0.068000	237
1041	0.000000		0.068000	237
1042	0.000000		0.068000	237
1043	0.000000		0.068000	237
1044	0.000000		0.068000	238
1045	0.000000		0.068000	238
1046	0.000000		0.068000	238
1047	0.000000		0.068000	238
1048	0.000000		0.068000	238
1049	0.000000		0.068000	239
1050	0.000000		0.068000	239
1051	0.000000		0.068000	239
1052	0.000000		0.068000	239
1053	0.000000		0.068000	240
1054	0.000000		0.068000	240
1055	0.000000		0.068000	240
1056	0.000000		0.068000	240
1057	0.000000		0.068000	241
1058	0.000000		0.068000	241
1059	0.000000		0.068000	241
1060	0.000000		0.068000	241
1061	0.000000		0.068000	241
1062	0.000000		0.068000	242
1063	0.000000		0.068000	242
1064	0.000000		0.068000	242
1065	0.000000		0.068000	242
1066	0.000000		0.068000	243
1067	0.000000		0.068000	243
1068	0.000000		0.068000	243
1069	0.000000		0.068000	243
1070	0.000000		0.068000	243
1071	0.000000		0.068000	244
1072	0.000000		0.068000	244
1073	0.000000		0.068000	244
1074	0.000000		0.068000	244
1075	0.000000		0.068000	245
1076	0.000000		0.068000	245
1077	0.000000		0.068000	245
1078	0.000000		0.068000	245
1079	0.000000		0.068000	246
1080	0.000000		0.068000	246
1081	0.000000		0.068000	246
1082	0.000000		0.068000	246
1083	0.000000		0.068000	246
1084	0.000000		0.068000	247
1085	0.000000		0.068000	247
1086	0.000000		0.068000	247
1087	0.000000		0.068000	247
1088	0.000000		0.068000	248
1089	0.000000		0.068000	248
1090	0.000000		0.068000	248
1091	0.000000		0.068000	248
1092	0.000000		0.068000	248
1093	0.000000		0.068000	249
1094	0.000000		0.068000	249
1095	0.000000		0.068000	249
1096	0.000000		0.068000	249
1097	0.000000		0.068000	250
1098	0.000000		0.068000	250
1099	0.000000		0.068000	250
1100	0.000000		0.068000	250
1101	0.000000		0.068000	250
1102	0.000000		0.068000	251
1103	0.000000		0.068000	251
1104	0.000000		0.068000	251
1105	0.000000		0.068000	251
1106	0.000000		0.068000	252
1107	0.000000		0.068000	252
1108	0.000000		0.068000	252
1109	0.000000		0.068000	252
1110	0.000000		0.068000	253
1111	0.000000		0.068000	253
1112	0.000000		0.068000	253
1113	0.000000		0.068000	253
1114	0.000000		0.068000	253
1115	0.000000		0.068000	254
1116	0.000000		0.068000	254
1117	0.000000		0.068000	254
1118	0.000000		0.068000	254
1119	0.000000		0.068000	255
1120	0.000000		0.068000	255
1121	0.000000		0.068000	255
1122	0.000000		0.068000	255
1123	0.000000		0.068000	255
1124	0.000000		0.068000	256
1125	0.000000		0.068000	256
1126	0.000000		0.068000	256
1127	0.000000		0.068000	256
1128	0.000000		0.068000	257
1129	0.000000		0.068000	257
1130	0.000000		0.068000	257
1131	0.000000		0.068000	257
1132	0.000000		0.068000	257
1133	0.000000		0.068000	258
1134	0.000000		0.068000	258
1135	0.000000		0.068000	258
1136	0.000000		0.068000	258
1137	0.000000		0.068000	259
1138	0.000000		0.068000	259
1139	0.000000		0.068000	259
1140	0.000000		0.068000	259
1141	0.000000		0.068000	260
1142	0.000000		0.068000	260
1143	0.000000		0.068000	260
1144	0.000000		0.068000	260
1145	0.000000		0.068000	260
1146	0.000000		0.068000	261
1147	0.000000		0.068000	261
1148	0.000000		0.068000	261
1149	0.000000		0.068000	261
1150	0.000000		0.068000	262
1151	0.000000		0.068000	262
1152	0.000000		0.068000	262
1153	0.000000		0.068000	262
1154	0.000000		0.068000	262
1155	0.000000		0.068000	263
1156	0.000000		0.068000	263
1157	0.000000		0.068000	263
1158	0.000000		0.068000	263
1159	0.000000		0.068000	264
1160	0.000000		0.068000	264
1161	0.000000		0.068000	264
1162	0.000000		0.068000	264
1163	0.000000		0.068000	264
1164	0.000000		0.072000	265
1165	0.000000		0.072000	265
1166	0.000000		0.072000	265
1167	0.000000		0.068000	265
1168	0.000000		0.068000	266
1169	0.000000		0.072000	266
1170	0.000000		0.068000	266
1171	0.000000		0.072000	266
1172	0.000000		0.068000	267
1173	0.000000		0.072000	267
1174	0.000000		0.068000	267
1175	0.000000		0.068000	267
1176	0.000000		0.068000	267
1177	0.000000		0.068000	268
1178	0.000000		0.068000	268
1179	0.000000		0.068000	268
1180	0.000000		0.068000	268
1181	0.000000		0.068000	269
1182	0.000000		0.068000	269
1183	0.000000		0.068000	269
1184	0.000000		0.068000	269
1185	0.000000		0.068000	269
1186	0.000000		0.068000	270
1187	0.000000		0.068000	270
1188	0.000000		0.068000	270
1189	0.000000		0.068000	270
1190	0.000000		0.068000	271
1191	0.000000		0.068000	271
1192	0.000000		0.068000	271
1193	0.000000		0.068000	271
1194	0.000000		0.068000	271
1195	0.000000		0.072000	272
1196	0.000000		0.068000	272
1197	0.000000		0.068000	272
1198	0.000000		0.068000	272
1199	0.000000		0.068000	273
1200	0.000000		0.068000	273
1201	0.000000		0.068000	273
1202	0.000000		0.068000	273
1203	0.000000		0.068000	274
1204	0.000000		0.068000	274
1205	0.000000		0.072000	274
1206	0.000000		0.068000	274
1207	0.000000		0.072000	274
1208	0.000000		0.068000	275
1209	0.000000		0.072000	275
1210	0.000000		0.068000	275
1211	0.000000		0.072000	275
1212	0.000000		0.068000	276
1213	0.000000		0.072000	276
1214	0.000000		0.068000	276
1215	0.000000		0.072000	276
1216	0.000000		0.068000	276
1217	0.000000		0.072000	277
1218	0.000000		0.068000	277
1219	0.000000		0.072000	277
1220	0.000000		0.068000	277
1221	0.000000		0.072000	278
1222	0.000000		0.068000	278
1223	0.000000		0.072000	278
1224	0.000000		0.068000	278
1225	0.000000		0.072000	278
1226	0.000000		0.068000	279
1227	0.000000		0.072000	279
1228	0.000000		0.068000	279
1229	0.000000		0.068000	279
1230	0.000000		0.068000	280
1231	0.000000		0.068000	280
1232	0.000000		0.068000	280
1233	0.000000		0.068000	280
1234	0.000000		0.068000	281
1235	0.000000		0.068000	281
1236	0.000000		0.068000	281
1237	0.000000		0.068000	281
1238	0.000000		0.068000	281
1239	0.000000		0.068000	282
1240	0.000000		0.068000	282
1241	0.000000		0.068000	282
1242	0.000000		0.068000	282
1243	0.000000		0.068000	283
1244	0.000000		0.068000	283
1245	0.000000		0.068000	283
1246	0.000000		0.068000	283
1247	0.000000		0.068000	283
1248	0.000000		0.068000	284
1249	0.000000		0.068000	284
1250	0.000000		0.068000	284
1251	0.000000		0.068000	284
1252	0.000000		0.068000	285
1253	0.000000		0.068000	285
1254	0.000000		0.068000	285
1255	0.000000		0.068000	285
1256	0.000000		0.068000	285
1257	0.000000		0.072000	286
1258	0.000000		0.068000	286
1259	0.000000		0.068000	286
1260	0.000000		0.068000	286
1261	0.000000		0.068000	287
1262	0.000000		0.068000	287
1263	0.000000		0.068000	287
1264	0.000000		0.068000	287
1265	0.000000		0.068000	288
1266	0.000000		0.068000	288
1267	0.000000		0.068000	288
1268	0.000000		0.068000	288
1269	0.000000		0.068000	288
1270	0.000000		0.068000	289
1271	0.000000		0.068000	289
1272	0.000000		0.068000	289
1273	0.000000		0.068000	289
1274	0.000000		0.068000	290
1275	0.000000		0.068000	290
1276	0.000000		0.068000	290
1277	0.000000		0.068000	290
1278	0.000000		0.068000	290
1279	0.000000		0.068000	291
1280	0.000000		0.068000	291
1281	0.000000		0.068000	291
1282	0.000000		0.068000	291
1283	0.000000		0.068000	292
1284	0.000000		0.068000	292
1285	0.000000		0.068000	292
1286	0.000000		0.068000	292
1287	0.000000		0.068000	292
1288	0.000000		0.068000	293
1289	0.000000		0.068000	293
1290	0.000000		0.068000	293
1291	0.000000		0.068000	293
1292	0.000000		0.068000	294
1293	0.000000		0.068000	294
1294	0.000000		0.068000	294
1295	0.000000		0.068000	294
1296	0.000000		0.068000	295
1297	0.000000		0.068000	295
1298	0.000000		0.068000	295
1299	0.000000		0.068000	295
1300	0.000000		0.068000	295
1301	0.000000		0.068000	296
1302	0.000000		0.068000	296
1303	0.000000		0.068000	296
1304	0.000000		0.068000	296
1305	0.000000		0.068000	297
1306	0.000000		0.068000	297
1307	0.000000		0.072000	297
1308	0.000000		0.072000	297
1309	0.000000		0.072000	297
1310	0.000000		0.068000	298
1311	0.000000		0.072000	298
1312	0.000000		0.068000	298
1313	0.000000		0.072000	298
1314	0.000000		0.068000	299
1315	0.000000		0.072000	299
1316	0.000000		0.068000	299
1317	0.000000		0.072000	299
1318	0.000000		0.068000	299
1319	0.000000		0.072000	300
1320	0.000000		0.068000	300
1321	0.000000		0.072000	300
1322	0.000000		0.068000	300
1323	0.000000		0.072000	301
1324	0.000000		0.072000	301
1325	0.000000		0.072000	301
1326	0.000000		0.072000	301
1327	0.000000		0.072000	302
1328	0.000000		0.072000	302
1329	0.000000		0.072000	302
1330	0.000000		0.072000	302
1331	0.000000		0.072000	302
1332	0.000000		0.072000	303
1333	0.000000		0.072000	303
1334	0.000000		0.072000	303
1335	0.000000		0.072000	303
1336	0.000000		0.072000	304
1337	0.000000		0.072000	304
1338	0.000000		0.072000	304
1339	0.000000		0.072000	304
1340	0.000000		0.072000	304
1341	0.000000		0.072000	305
1342	0.000000		0.072000	305
1343	0.000000		0.072000	305
1344	0.000000		0.072000	305
1345	0.000000		0.072000	306
1346	0.000000		0.072000	306
1347	0.000000		0.072000	306
1348	0.000000		0.072000	306
1349	0.000000		0.072000	306
1350	0.000000		0.072000	307
1351	0.000000		0.072000	307
1352	0.000000		0.068000	307
1353	0.000000		0.072000	307
1354	0.000000		0.068000	308
1355	0.000000		0.072000	308
1356	0.000000		0.068000	308
1357	0.000000		0.072000	308
1358	0.000000		0.068000	309
1359	0.000000		0.072000	309
1360	0.000000		0.068000	309
1361	0.000000		0.072000	309
1362	0.000000		0.068000	309
1363	0.000000		0.072000	310
1364	0.000000		0.072000	310
1365	0.000000		0.072000	310
1366	0.000000		0.072000	310
1367	0.000000		0.072000	311
1368	0.000000		0.072000	311
1369	0.000000		0.072000	311
1370	0.000000		0.072000	311
1371	0.000000		0.072000	311
1372	0.000000		0.072000	312
1373	0.000000		0.072000	312
1374	0.000000		0.072000	312
1375	0.000000		0.072000	312
1376	0.000000		0.072000	313
1377	0.000000		0.072000	313
1378	0.000000		0.072000	313
1379	0.000000		0.072000	313
1380	0.000000		0.072000	313
1381	0.000000		0.072000	314
1382	0.000000		0.072000	314
1383	0.000000		0.072000	314
1384	0.000000		0.068000	314
1385	0.000000		0.072000	315
1386	0.000000		0.068000	315
1387	0.000000		0.072000	315
1388	0.000000		0.068000	315
1389	0.000000		0.072000	316
1390	0.000000		0.068000	316
1391	0.000000		0.072000	316
1392	0.000000		0.072000	316
1393	0.000000		0.072000	316
1394	0.000000		0.072000	317
1395	0.000000		0.072000	317
1396	0.000000		0.072000	317
1397	0.000000		0.072000	317
1398	0.000000		0.072000	318
1399	0.000000		0.072000	318
1400	0.000000		0.076000	318
1401	0.000000		0.072000	318
1402	0.000000		0.076000	318
1403	0.000000		0.072000	319
1404	0.000000		0.076000	319
1405	0.000000		0.072000	319
1406	0.000000		0.076000	319
1407	0.000000		0.072000	320
1408	0.000000		0.076000	320
1409	0.000000		0.072000	320
1410	0.000000		0.076000	320
1411	0.000000		0.072000	320
1412	0.000000		0.076000	321
1413	0.000000		0.072000	321
1414	0.000000		0.076000	321
1415	0.000000		0.072000	321
1416	0.000000		0.076000	322
1417	0.000000		0.076000	322
1418	0.000000		0.076000	322
1419	0.000000		0.076000	322
1420	0.000000		0.072000	323
1421	0.000000		0.072000	323
1422	0.000000		0.072000	323
1423	0.000000		0.072000	323
1424	0.000000		0.072000	323
1425	0.000000		0.076000	324
1426	0.000000		0.072000	324
1427	0.000000		0.076000	324
1428	0.000000		0.072000	324
1429	0.000000		0.076000	325
1430	0.000000		0.072000	325
1431	0.000000		0.076000	325
1432	0.000000		0.072000	325
1433	0.000000		0.076000	325
1434	0.000000		0.072000	326
1435	0.000000		0.076000	326
1436	0.000000		0.072000	326
1437	0.000000		0.076000	326
1438	0.000000		0.072000	327
1439	0.000000		0.076000	327
1440	0.000000		0.072000	327
1441	0.000000		0.076000	327
1442	0.000000		0.072000	327
1443	0.000000		0.076000	328
1444	0.000000		0.072000	328
1445	0.000000		0.076000	328
1446	0.000000		0.072000	328
1447	0.000000		0.076000	329
1448	0.000000		0.072000	329
1449	0.000000		0.076000	329
1450	0.000000		0.072000	329
1451	0.000000		0.072000	330
1452	0.000000		0.072000	330
1453	0.000000		0.072000	330
1454	0.000000		0.076000	330
1455	0.000000		0.072000	330
1456	0.000000		0.076000	331
1457	0.000000		0.072000	331
1458	0.000000		0.076000	331
1459	0.000000		0.076000	331
1460	0.000000		0.076000	332
1461	0.000000		0.076000	332
1462	0.000000		0.072000	332
1463	0.000000		0.072000	332
1464	0.000000		0.072000	332
1465	0.000000		0.072000	333
1466	0.000000		0.072000	333
1467	0.000000		0.072000	333
1468	0.000000		0.072000	333
1469	0.000000		0.072000	334
1470	0.000000		0.072000	334
1471	0.000000		0.072000	334
1472	0.000000		0.072000	334
1473	0.000000		0.072000	334
1474	0.000000		0.072000	335
1475	0.000000		0.072000	335
1476	0.000000		0.072000	335
1477	0.000000		0.072000	335
1478	0.000000		0.072000	336
1479	0.000000		0.072000	336
1480	0.000000		0.072000	336
1481	0.000000		0.072000	336
1482	0.000000		0.072000	337
1483	0.000000		0.072000	337
1484	0.000000		0.072000	337
1485	0.000000		0.072000	337
1486	0.000000		0.072000	337
1487	0.000000		0.072000	338
1488	0.000000		0.072000	338
1489	0.000000		0.072000	338
1490	0.000000		0.072000	338
1491	0.000000		0.072000	339
1492	0.000000		0.072000	339
1493	0.000000		0.072000	339
1494	0.000000		0.072000	339
1495	0.000000		0.072000	339
1496	0.000000		0.072000	340
1497	0.000000		0.072000	340
1498	0.000000		0.072000	340
1499	0.000000		0.068000	340
1500	0.000000		0.072000	341
1501	0.000000		0.068000	341
1502	0.000000		0.068000	341
1503	0.000000		0.068000	341
1504	0.000000		0.068000	341
1505	0.000000		0.068000	342
1506	0.000000		0.068000	342
1507	0.000000		0.072000	342
1508	0.000000		0.068000	342
1509	0.000000		0.072000	343
1510	0.000000		0.068000	343
1511	0.000000		0.068000	343
1512	0.000000		0.068000	343
1513	0.000000		0.068000	344
1514	0.000000		0.068000	344
1515	0.000000		0.068000	344
1516	0.000000		0.068000	344
1517	0.000000		0.068000	344
1518	0.000000		0.072000	345
1519	0.000000		0.068000	345
1520	0.000000		0.072000	345
1521	0.000000		0.068000	345
1522	0.000000		0.072000	346
1523	0.000000		0.068000	346
1524	0.000000		0.072000	346
1525	0.000000		0.068000	346
1526	0.000000		0.072000	346
1527	0.000000		0.068000	347
1528	0.000000		0.072000	347
1529	0.000000		0.072000	347
1530	0.000000		0.072000	347
1531	0.000000		0.072000	348
1532	0.000000		0.072000	348
1533	0.000000		0.072000	348
1534	0.000000		0.072000	348
1535	0.000000		0.072000	348
1536	0.000000		0.072000	349
1537	0.000000		0.072000	349
1538	0.000000		0.072000	349
1539	0.000000		0.072000	349
1540	0.000000		0.072000	350
1541	0.000000		0.072000	350
1542	0.000000		0.072000	350
1543	0.000000		0.072000	350
1544	0.000000		0.076000	351
1545	0.000000		0.072000	351
1546	0.000000		0.072000	351
1547	0.000000		0.072000	351
1548	0.000000		0.072000	351
1549	0.000000		0.072000	352
1550	0.000000		0.068000	352
1551	0.000000		0.072000	352
1552	0.000000		0.072000	352
1553	0.000000		0.068000	353
1554	0.000000		0.072000	353
1555	0.000000		0.068000	353
1556	0.000000		0.072000	353
1557	0.000000		0.068000	353
1558	0.000000		0.072000	354
1559	0.000000		0.068000	354
1560	0.000000		0.072000	354
1561	0.000000		0.068000	354
1562	0.000000		0.072000	355
1563	0.000000		0.068000	355
1564	0.000000		0.072000	355
1565	0.000000		0.068000	355
1566	0.000000		0.072000	356
1567	0.000000		0.068000	356
1568	0.000000		0.072000	356
1569	0.000000		0.068000	356
1570	0.000000		0.072000	356
1571	0.000000		0.068000	357
1572	0.000000		0.072000	357
1573	0.000000		0.068000	357
1574	0.000000		0.072000	357
1575	0.000000		0.072000	358
1576	0.000000		0.072000	358
1577	0.000000		0.068000	358
1578	0.000000		0.072000	358
1579	0.000000		0.068000	358
1580	0.000000		0.072000	359
1581	0.000000		0.068000	359
1582	0.000000		0.072000	359
1583	0.000000		0.068000	359
1584	0.000000		0.072000	360
1585	0.000000		0.072000	360
1586	0.000000		0.072000	360
1587	0.000000		0.072000	360
1588	0.000000		0.072000	360
1589	0.000000		0.072000	361
1590	0.000000		0.072000	361
1591	0.000000		0.072000	361
1592	0.000000		0.072000	361
1593	0.000000		0.072000	362
1594	0.000000		0.072000	362
1595	0.000000		0.072000	362
1596	0.000000		0.072000	362
1597	0.000000		0.072000	363
1598	0.000000		0.072000	363
1599	0.000000		0.072000	363
1600	0.000000		0.072000	363
1601	0.000000		0.072000	363
1602	0.000000		0.072000	364
1603	0.000000		0.072000	364
1604	0.000000		0.072000	364
1605	0.000000		0.072000	364
1606	0.000000		0.072000	365
1607	0.000000		0.072000	365
1608	0.000000		0.072000	365
1609	0.000000		0.072000	365
1610	0.000000		0.072000	365
1611	0.000000		0.072000	366
1612	0.000000		0.072000	366
1613	0.000000		0.072000	366
1614	0.000000		0.072000	366
1615	0.000000		0.072000	367
1616	0.000000		0.072000	367
1617	0.000000		0.072000	367
1618	0.000000		0.072000	367
1619	0.000000		0.072000	367
1620	0.000000		0.072000	368
1621	0.000000		0.072000	368
1622	0.000000		0.072000	368
1623	0.000000		0.072000	368
1624	0.000000		0.072000	369
1625	0.000000		0.072000	369
1626	0.000000		0.072000	369
1627	0.000000		0.072000	369
1628	0.000000		0.072000	370
1629	0.000000		0.072000	370
1630	0.000000		0.072000	370
1631	0.000000		0.072000	370
1632	0.000000		0.072000	370
1633	0.000000		0.072000	371
1634	0.000000		0.072000	371
1635	0.000000		0.072000	371
1636	0.000000		0.072000	371
1637	0.000000		0.072000	372
1638	0.000000		0.072000	372
1639	0.000000		0.072000	372
1640	0.000000		0.076000	372
1641	0.000000		0.068000	372
1642	0.000000		0.076000	373
1643	0.000000		0.072000	373
1644	0.000000		0.072000	373
1645	0.000000		0.072000	373
1646	0.000000		0.076000	374
1647	0.000000		0.076000	374
1648	0.000000		0.076000	374
1649	0.000000		0.072000	374
1650	0.000000		0.072000	374
1651	0.000000		0.072000	375
1652	0.000000		0.072000	375
1653	0.000000		0.072000	375
1654	0.000000		0.076000	375
1655	0.000000		0.068000	376
1656	0.000000		0.076000	376
1657	0.000000		0.068000	376
1658	0.000000		0.072000	376
1659	0.000000		0.068000	377
1660	0.000000		0.068000	377
1661	0.000000		0.068000	377
1662	0.000000		0.068000	377
1663	0.000000		0.068000	377
1664	0.000000		0.068000	378
1665	0.000000		0.068000	378
1666	0.000000		0.068000	378
1667	0.000000		0.072000	378
1668	0.000000		0.068000	379
1669	0.000000		0.068000	379
1670	0.000000		0.068000	379
1671	0.000000		0.068000	379
1672	0.000000		0.072000	379
1673	0.000000		0.068000	380
1674	0.000000		0.072000	380
1675	0.000000		0.068000	380
1676	0.000000		0.072000	380
1677	0.000000		0.068000	381
1678	0.000000		0.072000	381
1679	0.000000		0.068000	381
1680	0.000000		0.068000	381
1681	0.000000		0.068000	381
1682	0.000000		0.072000	382
1683	0.000000		0.072000	382
1684	0.000000		0.072000	382
1685	0.000000		0.068000	382
1686	0.000000		0.072000	383
1687	0.000000		0.068000	383
1688	0.000000		0.076000	383
1689	0.000000		0.068000	383
1690	0.000000		0.076000	384
1691	0.000000		0.072000	384
1692	0.000000		0.072000	384
1693	0.000000		0.072000	384
1694	0.000000		0.072000	384
1695	0.000000		0.072000	385
1696	0.000000		0.072000	385
1697	0.000000		0.072000	385
1698	0.000000		0.072000	385
1699	0.000000		0.072000	386
1700	0.000000		0.072000	386
1701	0.000000		0.072000	386
1702	0.000000		0.072000	386
1703	0.000000		0.072000	386
1704	0.000000		0.072000	387
1705	0.000000		0.072000	387
1706	0.000000		0.072000	387
1707	0.000000		0.072000	387
1708	0.000000		0.072000	388
1709	0.000000		0.072000	388
1710	0.000000		0.072000	388
1711	0.000000		0.072000	388
1712	0.000000		0.072000	388
1713	0.000000		0.076000	389
1714	0.000000		0.072000	389
1715	0.000000		0.072000	389
1716	0.000000		0.072000	389
1717	0.000000		0.072000	390
1718	0.000000		0.072000	390
1719	0.000000		0.072000	390
1720	0.000000		0.072000	390
1721	0.000000		0.072000	391
1722	0.000000		0.068000	391
1723	0.000000		0.068000	391
1724	0.000000		0.068000	391
1725	0.000000		0.068000	391
1726	0.000000		0.072000	392
1727	0.000000		0.068000	392
1728	0.000000		0.072000	392
1729	0.000000		0.072000	392
1730	0.000000		0.072000	393
1731	0.000000		0.076000	393
1732	0.000000		0.072000	393
1733	0.000000		0.072000	393
1734	0.000000		0.076000	393
1735	0.000000		0.072000	394
1736	0.000000		0.072000	394
1737	0.000000		0.072000	394
1738	0.000000		0.072000	394
1739	0.000000		0.072000	395
1740	0.000000		0.072000	395
1741	0.000000		0.072000	395
1742	0.000000		0.072000	395
1743	0.000000		0.072000	395
1744	0.000000		0.072000	396
1745	0.000000		0.072000	396
1746	0.000000		0.072000	396
1747	0.000000		0.072000	396
1748	0.000000		0.072000	397
1749	0.000000		0.072000	397
1750	0.000000		0.072000	397
1751	0.000000		0.072000	397
1752	0.000000		0.072000	398
1753	0.000000		0.072000	398
1754	0.000000		0.072000	398
1755	0.000000		0.072000	398
1756	0.000000		0.072000	398
1757	0.000000		0.072000	399
1758	0.000000		0.072000	399
1759	0.000000		0.072000	399
1760	0.000000		0.072000	399
1761	0.000000		0.072000	400
1762	0.000000		0.072000	400
1763	0.000000		0.072000	400
1764	0.000000		0.072000	400
1765	0.000000		0.072000	400
1766	0.000000		0.072000	401
1767	0.000000		0.076000	401
1768	0.000000		0.072000	401
1769	0.000000		0.076000	401
1770	0.000000		0.072000	402
1771	0.000000		0.076000	402
1772	0.000000		0.072000	402
1773	0.000000		0.076000	402
1774	0.000000		0.072000	402
1775	0.000000		0.076000	403
1776	0.000000		0.072000	403
1777	0.000000		0.076000	403
1778	0.000000		0.072000	403
1779	0.000000		0.076000	404
1780	0.000000		0.072000	404
1781	0.000000		0.076000	404
1782	0.000000		0.072000	404
1783	0.000000		0.076000	405
1784	0.000000		0.072000	405
1785	0.000000		0.072000	405
1786	0.000000		0.072000	405
1787	0.000000		0.076000	405
1788	0.000000		0.072000	406
1789	0.000000		0.076000	406
1790	0.000000		0.072000	406
1791	0.000000		0.076000	406
1792	0.000000		0.072000	407
1793	0.000000		0.076000	407
1794	0.000000		0.072000	407
1795	0.000000		0.076000	407
1796	0.000000		0.072000	407
1797	0.000000		0.068000	408
1798	0.000000		0.072000	408
1799	0.000000		0.072000	408
1800	0.000000		0.072000	408
1801	0.000000		0.072000	409
1802	0.000000		0.072000	409
1803	0.000000		0.072000	409
1804	0.000000		0.072000	409
1805	0.000000		0.072000	409
1806	0.000000		0.072000	410
1807	0.000000		0.072000	410
1808	0.000000		0.072000	410
1809	0.000000		0.072000	410
1810	0.000000		0.072000	411
1811	0.000000		0.072000	411
1812	0.000000		0.072000	411
1813	0.000000		0.072000	411
1814	0.000000		0.072000	412
1815	0.000000		0.072000	412
1816	0.000000		0.072000	412
1817	0.000000		0.072000	412
1818	0.000000		0.072000	412
1819	0.000000		0.072000	413
1820	0.000000		0.072000	413
1821	0.000000		0.072000	413
1822	0.000000		0.072000	413
1823	0.000000		0.072000	414
1824	0.000000		0.072000	414
1825	0.000000		0.072000	414
1826	0.000000		0.072000	414
1827	0.000000		0.072000	414
1828	0.000000		0.072000	415
1829	0.000000		0.072000	415
1830	0.000000		0.072000	415
1831	0.000000		0.072000	415
1832	0.000000		0.072000	416
1833	0.000000		0.072000	416
1834	0.000000		0.072000	416
1835	0.000000		0.072000	416
1836	0.000000		0.072000	416
1837	0.000000		0.072000	417
1838	0.000000		0.072000	417
1839	0.000000		0.072000	417
1840	0.000000		0.072000	417
1841	0.000000		0.072000	418
1842	0.000000		0.072000	418
1843	0.000000		0.072000	418
1844	0.000000		0.072000	418
1845	0.000000		0.072000	419
1846	0.000000		0.072000	419
1847	0.000000		0.072000	419
1848	0.000000		0.072000	419
1849	0.000000		0.072000	419
1850	0.000000		0.072000	420
1851	0.000000		0.072000	420
1852	0.000000		0.072000	420
1853	0.000000		0.072000	420
1854	0.000000		0.072000	421
1855	0.000000		0.072000	421
1856	0.000000		0.068000	421
1857	0.000000		0.072000	421
1858	0.000000		0.068000	421
1859	0.000000		0.076000	422
1860	0.000000		0.068000	422
1861	0.000000		0.076000	422
1862	0.000000		0.068000	422
1863	0.000000		0.076000	423
1864	0.000000		0.068000	423
1865	0.000000		0.076000	423
1866	0.000000		0.068000	423
1867	0.000000		0.068000	423
1868	0.000000		0.068000	424
1869	0.000000		0.068000	424
1870	0.000000		0.068000	424
1871	0.000000		0.068000	424
1872	0.000000		0.068000	425
1873	0.000000		0.068000	425
1874	0.000000		0.068000	425
1875	0.000000		0.068000	425
1876	0.000000		0.068000	426
1877	0.000000		0.068000	426
1878	0.000000		0.068000	426
1879	0.000000		0.068000	426
1880	0.000000		0.068000	426
1881	0.000000		0.068000	427
1882	0.000000		0.068000	427
1883	0.000000		0.068000	427
1884	0.000000		0.068000	427
1885	0.000000		0.068000	428
1886	0.000000		0.068000	428
1887	0.000000		0.068000	428
1888	0.000000		0.068000	428
1889	0.000000		0.072000	428
1890	0.000000		0.068000	429
1891	0.000000		0.072000	429
1892	0.000000		0.072000	429
1893	0.000000		0.072000	429
1894	0.000000		0.072000	430
1895	0.000000		0.072000	430
1896	0.000000		0.072000	430
1897	0.000000		0.072000	430
1898	0.000000		0.072000	430
1899	0.000000		0.072000	431
1900	0.000000		0.072000	431
1901	0.000000		0.072000	431
1902	0.000000		0.072000	431
1903	0.000000		0.072000	432
1904	0.000000		0.068000	432
1905	0.000000		0.068000	432
1906	0.000000		0.072000	432
1907	0.000000		0.072000	433
1908	0.000000		0.072000	433
1909	0.000000		0.072000	433
1910	0.000000		0.072000	433
1911	0.000000		0.072000	433
1912	0.000000		0.072000	434
1913	0.000000		0.072000	434
1914	0.000000		0.072000	434
1915	0.000000		0.072000	434
1916	0.000000		0.072000	435
1917	0.000000		0.076000	435
1918	0.000000		0.072000	435
1919	0.000000		0.076000	435
1920	0.000000		0.072000	435
1921	0.000000		0.076000	436
1922	0.000000		0.072000	436
1923	0.000000		0.076000	436
1924	0.000000		0.076000	436
1925	0.000000		0.076000	437
1926	0.000000		0.076000	437
1927	0.000000		0.072000	437
1928	0.000000		0.076000	437
1929	0.000000		0.072000	437
1930	0.000000		0.076000	438
1931	0.000000		0.072000	438
1932	0.000000		0.076000	438
1933	0.000000		0.072000	438
1934	0.000000		0.072000	439
1935	0.000000		0.072000	439
1936	0.000000		0.072000	439
1937	0.000000		0.072000	439
1938	0.000000		0.072000	440
1939	0.000000		0.072000	440
1940	0.000000		0.068000	440
1941	0.000000		0.076000	440
1942	0.000000		0.068000	440
1943	0.000000		0.076000	441
1944	0.000000		0.068000	441
1945	0.000000		0.076000	441
1946	0.000000		0.068000	441
1947	0.000000		0.076000	442
1948	0.000000		0.068000	442
1949	0.000000		0.076000	442
1950	0.000000		0.068000	442
1951	0.000000		0.076000	442
1952	0.000000		0.068000	443
1953	0.000000		0.076000	443
1954	0.000000		0.068000	443
1955	0.000000		0.076000	443
1956	0.000000		0.072000	444
1957	0.000000		0.072000	444
1958	0.000000		0.072000	444
1959	0.000000		0.072000	444
1960	0.000000		0.072000	444
1961	0.000000		0.072000	445
1962	0.000000		0.076000	445
1963	0.000000		0.072000	445
1964	0.000000		0.076000	445
1965	0.000000		0.072000	446
1966	0.000000		0.076000	446
1967	0.000000		0.072000	446
1968	0.000000		0.076000	446
1969	0.000000		0.072000	447
1970	0.000000		0.076000	447
1971	0.000000		0.072000	447
1972	0.000000		0.072000	447
1973	0.000000		0.072000	447
1974	0.000000		0.076000	448
1975	0.000000		0.072000	448
1976	0.000000		0.068000	448
1977	0.000000		0.076000	448
1978	0.000000		0.072000	449
1979	0.000000		0.076000	449
1980	0.000000		0.072000	449
1981	0.000000		0.080000	449
1982	0.000000		0.072000	449
1983	0.000000		0.080000	450
1984	0.000000		0.080000	450
1985	0.000000		0.080000	450
1986	0.000000		0.080000	450
1987	0.000000		0.080000	451
1988	0.000000		0.080000	451
1989	0.000000		0.080000	451
1990	0.000000		0.080000	451
1991	0.000000		0.080000	451
1992	0.000000		0.080000	452
1993	0.000000		0.080000	452
1994	0.000000		0.080000	452
1995	0.000000		0.080000	452
1996	0.000000		0.080000	453
1997	0.000000		0.080000	453
1998	0.000000		0.076000	453
1999	0.000000		0.076000	453
2000	0.000000		0.076000	454
