-0.980373,0.980373
-2.12831,2.12831
-0.731638,0.731638
2.22105,-2.22105
1.76998,-1.76998
2.58026,-2.58026
1.68438,-1.68438
1.22755,-1.22755
3.6737,-3.6737
3.21426,-3.21426
1.81723,-1.81723
-2.24534,2.24534
-3.01078,3.01078
2.62149,-2.62149
4.18738,-4.18738
-0.984463,0.984463
4.21048,-4.21048
2.34998,-2.34998
1.90138,-1.90138
1.1052,-1.1052
2.02647,-2.02647
-2.11276,2.11276
-1.79996,1.79996
0.877195,-0.877195
1.31192,-1.31192
2.53998,-2.53998
3.86235,-3.86235
5.53346,-5.53346
1.55919,-1.55919
2.54871,-2.54871
1.4311,-1.4311
2.44764,-2.44764
-3.57023,3.57023
1.4866,-1.4866
2.15531,-2.15531
-0.749964,0.749964
2.49941,-2.49941
1.96809,-1.96809
2.44285,-2.44285
2.80943,-2.80943
2.8449,-2.8449
2.38246,-2.38246
4.40663,-4.40663
4.1308,-4.1308
-4.09218,4.09218
2.99836,-2.99836
2.69133,-2.69133
1.83172,-1.83172
2.92691,-2.92691
5.26076,-5.26076
-2.20106,2.20106
2.89375,-2.89375
-3.14693,3.14693
2.97822,-2.97822
-2.93004,2.93004
1.92817,-1.92817
2.1946,-2.1946
2.48368,-2.48368
1.95627,-1.95627
1.88846,-1.88846
2.51206,-2.51206
2.49773,-2.49773
2.14276,-2.14276
0.824943,-0.824943
2.51644,-2.51644
3.06495,-3.06495
2.59105,-2.59105
3.18648,-3.18648
2.15082,-2.15082
-2.48779,2.48779
-0.809398,0.809398
-3.30703,3.30703
-2.02191,2.02191
0.771561,-0.771561
3.81127,-3.81127
-1.1215,1.1215
-1.35326,1.35326
-1.83526,1.83526
4.24637,-4.24637
2.8701,-2.8701
1.3485,-1.3485
3.16202,-3.16202
-1.46788,1.46788
3.63758,-3.63758
-2.43758,2.43758
-3.46106,3.46106
5.27023,-5.27023
1.32007,-1.32007
4.04596,-4.04596
0.395354,-0.395354
1.97289,-1.97289
2.20459,-2.20459
4.66123,-4.66123
1.82892,-1.82892
-2.88989,2.88989
5.21701,-5.21701
-3.31876,3.31876
2.39498,-2.39498
4.64599,-4.64599
2.01979,-2.01979
2.46833,-2.46833
2.44425,-2.44425
-3.12453,3.12453
3.82656,-3.82656
2.14917,-2.14917
5.12961,-5.12961
4.06225,-4.06225
0.0256078,-0.0256078
-2.16999,2.16999
2.76257,-2.76257
0.0456224,-0.0456224
4.21926,-4.21926
-1.41676,1.41676
0.886232,-0.886232
3.43978,-3.43978
1.55293,-1.55293
3.05571,-3.05571
1.92641,-1.92641
2.28532,-2.28532
2.43911,-2.43911
3.32637,-3.32637
-3.45252,3.45252
2.28997,-2.28997
-2.04666,2.04666
0.584755,-0.584755
-3.6537,3.6537
-0.993275,0.993275
2.28607,-2.28607
1.47857,-1.47857
2.35904,-2.35904
3.05587,-3.05587
2.77606,-2.77606
-1.11482,1.11482
3.08877,-3.08877
3.39031,-3.39031
-2.67469,2.67469
2.93976,-2.93976
2.4638,-2.4638
-2.90137,2.90137
3.54691,-3.54691
3.06144,-3.06144
2.01706,-2.01706
-1.56812,1.56812
1.33463,-1.33463
4.55034,-4.55034
1.79051,-1.79051
3.30856,-3.30856
-2.83153,2.83153
-3.23415,3.23415
1.95525,-1.95525
2.30848,-2.30848
1.95387,-1.95387
1.96678,-1.96678
-1.88926,1.88926
1.07867,-1.07867
-3.64804,3.64804
-1.67933,1.67933
2.10008,-2.10008
4.77519,-4.77519
2.83498,-2.83498
0.933424,-0.933424
2.51367,-2.51367
3.10786,-3.10786
3.4558,-3.4558
1.85927,-1.85927
-2.63506,2.63506
2.51379,-2.51379
3.36404,-3.36404
3.28035,-3.28035
2.71706,-2.71706
0.981532,-0.981532
1.3678,-1.3678
2.44246,-2.44246
2.51495,-2.51495
-1.51444,1.51444
2.6071,-2.6071
5.78771,-5.78771
3.99149,-3.99149
3.76121,-3.76121
-0.711236,0.711236
1.09248,-1.09248
1.81184,-1.81184
-1.71688,1.71688
-3.46134,3.46134
2.96742,-2.96742
2.94862,-2.94862
-3.50734,3.50734
3.71635,-3.71635
2.78566,-2.78566
-2.05027,2.05027
1.8722,-1.8722
2.83388,-2.83388
3.3925,-3.3925
-2.89602,2.89602
0.792011,-0.792011
2.6452,-2.6452
-3.13474,3.13474
3.14342,-3.14342
2.32053,-2.32053
-1.41115,1.41115
2.95529,-2.95529
-0.0589065,0.0589065
2.97619,-2.97619
2.60139,-2.60139
1.82831,-1.82831
-2.89602,2.89602
3.24849,-3.24849
4.01125,-4.01125
1.56784,-1.56784
3.15983,-3.15983
2.67925,-2.67925
3.36964,-3.36964
2.31691,-2.31691
2.63231,-2.63231
2.49138,-2.49138
2.25063,-2.25063
-1.65834,1.65834
-2.19547,2.19547
-3.86956,3.86956
1.02725,-1.02725
1.23929,-1.23929
2.02084,-2.02084
2.14921,-2.14921
0.260063,-0.260063
2.03238,-2.03238
2.23123,-2.23123
2.58942,-2.58942
3.39716,-3.39716
1.96304,-1.96304
2.8878,-2.8878
-2.96139,2.96139
2.58,-2.58
2.10965,-2.10965
-2.54247,2.54247
2.67177,-2.67177
1.0254,-1.0254
3.16786,-3.16786
2.96346,-2.96346
-3.18753,3.18753
-2.88463,2.88463
-1.07242,1.07242
3.98506,-3.98506
-3.63253,3.63253
3.75915,-3.75915
3.54138,-3.54138
1.81908,-1.81908
2.33413,-2.33413
4.13126,-4.13126
2.98638,-2.98638
1.61528,-1.61528
3.24716,-3.24716
-1.48684,1.48684
-3.16467,3.16467
5.98699,-5.98699
3.00896,-3.00896
2.83626,-2.83626
3.37384,-3.37384
-2.55603,2.55603
2.57644,-2.57644
3.16178,-3.16178
3.0722,-3.0722
3.36044,-3.36044
2.35048,-2.35048
3.21237,-3.21237
2.39991,-2.39991
3.01483,-3.01483
2.6614,-2.6614
3.0045,-3.0045
2.85739,-2.85739
4.1546,-4.1546
4.037,-4.037
-1.82557,1.82557
-2.04378,2.04378
4.55546,-4.55546
3.09203,-3.09203
2.39228,-2.39228
2.24538,-2.24538
-0.530842,0.530842
3.71026,-3.71026
3.50625,-3.50625
-3.15873,3.15873
2.17632,-2.17632
2.75865,-2.75865
2.56203,-2.56203
-2.68727,2.68727
4.29662,-4.29662
2.80749,-2.80749
3.94902,-3.94902
2.24006,-2.24006
-1.41899,1.41899
4.01602,-4.01602
3.18584,-3.18584
-3.31202,3.31202
1.23914,-1.23914
3.4638,-3.4638
-2.87723,2.87723
-2.04378,2.04378
-3.08719,3.08719
-2.3302,2.3302
0.674417,-0.674417
-3.00864,3.00864
3.66878,-3.66878
3.2709,-3.2709
4.06603,-4.06603
3.62126,-3.62126
1.89752,-1.89752
2.65857,-2.65857
2.31911,-2.31911
2.89342,-2.89342
3.87831,-3.87831
-3.26852,3.26852
-3.77977,3.77977
2.11285,-2.11285
1.76054,-1.76054
2.17297,-2.17297
-3.40737,3.40737
2.61675,-2.61675
1.31468,-1.31468
2.5183,-2.5183
-1.75052,1.75052
2.61638,-2.61638
2.89555,-2.89555
3.7644,-3.7644
2.76503,-2.76503
-1.11976,1.11976
3.29733,-3.29733
2.43685,-2.43685
0.680901,-0.680901
-3.08503,3.08503
-2.06242,2.06242
1.82376,-1.82376
3.00979,-3.00979
2.18425,-2.18425
2.22828,-2.22828
1.16743,-1.16743
3.57144,-3.57144
-4.55312,4.55312
2.17141,-2.17141
3.26279,-3.26279
3.35311,-3.35311
-0.860027,0.860027
3.22794,-3.22794
1.29942,-1.29942
-1.39194,1.39194
3.58445,-3.58445
-2.72105,2.72105
2.15401,-2.15401
3.07431,-3.07431
-4.27538,4.27538
1.88324,-1.88324
1.83616,-1.83616
0.310388,-0.310388
-1.67878,1.67878
2.01834,-2.01834
-2.89602,2.89602
-1.79223,1.79223
-2.36041,2.36041
3.22158,-3.22158
0.0245757,-0.0245757
2.40001,-2.40001
1.55686,-1.55686
2.42216,-2.42216
-3.46134,3.46134
3.42247,-3.42247
3.97936,-3.97936
3.04201,-3.04201
-2.7204,2.7204
-3.14589,3.14589
1.40297,-1.40297
4.35161,-4.35161
0.21169,-0.21169
3.58977,-3.58977
-2.23439,2.23439
2.11549,-2.11549
2.51592,-2.51592
-3.30429,3.30429
3.12421,-3.12421
2.73737,-2.73737
3.38317,-3.38317
3.38548,-3.38548
-2.03848,2.03848
-2.78661,2.78661
1.93846,-1.93846
3.58072,-3.58072
2.62485,-2.62485
2.94133,-2.94133
3.02937,-3.02937
-4.10899,4.10899
-2.7277,2.7277
1.65651,-1.65651
3.45519,-3.45519
-2.12495,2.12495
1.62785,-1.62785
1.86683,-1.86683
3.66379,-3.66379
2.17902,-2.17902
4.43509,-4.43509
-1.51646,1.51646
-2.1934,2.1934
2.58871,-2.58871
-2.31661,2.31661
2.44513,-2.44513
1.15924,-1.15924
1.28709,-1.28709
-1.02056,1.02056
2.7778,-2.7778
0.530392,-0.530392
1.96651,-1.96651
1.12453,-1.12453
3.43448,-3.43448
2.55576,-2.55576
3.49149,-3.49149
-2.06776,2.06776
0.230357,-0.230357
-2.39249,2.39249
2.42674,-2.42674
-2.07313,2.07313
2.41114,-2.41114
0.0498741,-0.0498741
-2.54925,2.54925
3.27366,-3.27366
2.34113,-2.34113
3.56111,-3.56111
-2.95654,2.95654
3.03773,-3.03773
2.51079,-2.51079
1.85899,-1.85899
2.32526,-2.32526
-3.23914,3.23914
2.20317,-2.20317
2.88192,-2.88192
-2.42381,2.42381
4.12391,-4.12391
4.65923,-4.65923
-2.88145,2.88145
-2.94519,2.94519
2.05268,-2.05268
-0.848304,0.848304
1.32325,-1.32325
0.126135,-0.126135
-2.90533,2.90533
-2.56439,2.56439
1.21157,-1.21157
-3.39988,3.39988
1.94917,-1.94917
0.897437,-0.897437
4.65022,-4.65022
-2.14355,2.14355
-3.1647,3.1647
5.12136,-5.12136
1.73553,-1.73553
-2.85255,2.85255
-2.98362,2.98362
3.01327,-3.01327
-0.865667,0.865667
1.62188,-1.62188
3.11694,-3.11694
2.34256,-2.34256
-0.262883,0.262883
4.12184,-4.12184
-1.35821,1.35821
2.77615,-2.77615
4.03078,-4.03078
3.07897,-3.07897
-3.1893,3.1893
2.51552,-2.51552
-2.20671,2.20671
4.32578,-4.32578
-3.12453,3.12453
5.02333,-5.02333
2.77901,-2.77901
1.80304,-1.80304
-2.4186,2.4186
-2.21354,2.21354
2.77949,-2.77949
-1.48283,1.48283
3.55382,-3.55382
1.94743,-1.94743
-1.59628,1.59628
2.68931,-2.68931
-3.01471,3.01471
1.76567,-1.76567
-3.07051,3.07051
3.83961,-3.83961
-2.78359,2.78359
-2.56101,2.56101
-2.15269,2.15269
-2.487,2.487
3.52033,-3.52033
0.75003,-0.75003
-1.38578,1.38578
0.232371,-0.232371
2.94238,-2.94238
-1.97086,1.97086
0.747978,-0.747978
-1.88375,1.88375
2.95142,-2.95142
0.787721,-0.787721
3.51697,-3.51697
0.157332,-0.157332
