0	0.294000		0.320000	0
1	0.064500		0.062000	1
2	0.064500		0.062000	1
3	0.064500		0.062000	1
4	0.064500		0.062000	1
5	0.064500		0.062000	1
6	0.064500		0.062000	2
7	0.064500		0.062000	2
8	0.064500		0.062000	2
9	0.064500		0.062000	2
10	0.064500		0.062000	2
11	0.064500		0.062000	3
12	0.064500		0.062000	3
13	0.063500		0.062000	3
14	0.064500		0.062000	3
15	0.063500		0.062000	3
16	0.064500		0.062000	4
17	0.063500		0.062000	4
18	0.064000		0.062000	4
19	0.063000		0.062000	4
20	0.064000		0.062000	4
21	0.063500		0.062000	5
22	0.064500		0.062000	5
23	0.063500		0.062000	5
24	0.064000		0.062000	5
25	0.063500		0.060000	5
26	0.063000		0.060000	6
27	0.062500		0.060000	6
28	0.062000		0.060000	6
29	0.062500		0.062000	6
30	0.062000		0.060000	6
31	0.062500		0.062000	7
32	0.061500		0.060000	7
33	0.062000		0.062000	7
34	0.061500		0.060000	7
35	0.061500		0.060000	7
36	0.061000		0.060000	8
37	0.061500		0.060000	8
38	0.060000		0.060000	8
39	0.061500		0.062000	8
40	0.060500		0.060000	8
41	0.061500		0.062000	9
42	0.060500		0.060000	9
43	0.061000		0.060000	9
44	0.060000		0.060000	9
45	0.061000		0.060000	9
46	0.059500		0.062000	10
47	0.060000		0.060000	10
48	0.060000		0.060000	10
49	0.060500		0.060000	10
50	0.060000		0.060000	11
51	0.060500		0.060000	11
52	0.060000		0.060000	11
53	0.060500		0.060000	11
54	0.060000		0.060000	11
55	0.061000		0.058000	12
56	0.057500		0.058000	12
57	0.058000		0.060000	12
58	0.057500		0.058000	12
59	0.058000		0.060000	12
60	0.057000		0.058000	13
61	0.058000		0.060000	13
62	0.058000		0.060000	13
63	0.058000		0.060000	13
64	0.057000		0.060000	13
65	0.058000		0.060000	14
66	0.057000		0.060000	14
67	0.058000		0.060000	14
68	0.056500		0.058000	14
69	0.057000		0.060000	14
70	0.056500		0.060000	15
71	0.057500		0.060000	15
72	0.054000		0.060000	15
73	0.054500		0.060000	15
74	0.054500		0.060000	15
75	0.053500		0.060000	16
76	0.053500		0.060000	16
77	0.052500		0.062000	16
78	0.053500		0.060000	16
79	0.052500		0.062000	16
80	0.053000		0.060000	17
81	0.052000		0.062000	17
82	0.053000		0.060000	17
83	0.052000		0.062000	17
84	0.053000		0.060000	17
85	0.052500		0.062000	18
86	0.053000		0.058000	18
87	0.052500		0.062000	18
88	0.053000		0.058000	18
89	0.052000		0.062000	18
90	0.052000		0.064000	19
91	0.052500		0.062000	19
92	0.052000		0.064000	19
93	0.052500		0.062000	19
94	0.052500		0.064000	19
95	0.052500		0.062000	20
96	0.052500		0.064000	20
97	0.050500		0.062000	20
98	0.052500		0.062000	20
99	0.053500		0.062000	20
100	0.052500		0.062000	21
101	0.052000		0.062000	21
102	0.052500		0.062000	21
103	0.050000		0.062000	21
104	0.051500		0.062000	21
105	0.050500		0.064000	22
106	0.052000		0.062000	22
107	0.051000		0.064000	22
108	0.051500		0.060000	22
109	0.052500		0.066000	23
110	0.051500		0.060000	23
111	0.051000		0.064000	23
112	0.050000		0.060000	23
113	0.049000		0.062000	23
114	0.050500		0.060000	24
115	0.048000		0.062000	24
116	0.050000		0.060000	24
117	0.048000		0.062000	24
118	0.050000		0.060000	24
119	0.049000		0.062000	25
120	0.049000		0.058000	25
121	0.050000		0.060000	25
122	0.049000		0.058000	25
123	0.049000		0.062000	25
124	0.048500		0.058000	26
125	0.048500		0.062000	26
126	0.048000		0.058000	26
127	0.049000		0.062000	26
128	0.048000		0.058000	26
129	0.047500		0.062000	27
130	0.047000		0.058000	27
131	0.048500		0.060000	27
132	0.046000		0.056000	27
133	0.046500		0.060000	27
134	0.047500		0.058000	28
135	0.046500		0.060000	28
136	0.047500		0.060000	28
137	0.047000		0.062000	28
138	0.045000		0.060000	28
139	0.046500		0.064000	29
140	0.045000		0.062000	29
141	0.044000		0.064000	29
142	0.045000		0.062000	29
143	0.044000		0.064000	29
144	0.044000		0.062000	30
145	0.044000		0.064000	30
146	0.044000		0.062000	30
147	0.046000		0.062000	30
148	0.043000		0.060000	30
149	0.046500		0.062000	31
150	0.042500		0.060000	31
151	0.046000		0.062000	31
152	0.043000		0.060000	31
153	0.045000		0.062000	31
154	0.042000		0.060000	32
155	0.044500		0.062000	32
156	0.041000		0.060000	32
157	0.044000		0.062000	32
158	0.040500		0.060000	32
159	0.043500		0.062000	33
160	0.040500		0.060000	33
161	0.044000		0.062000	33
162	0.040500		0.062000	33
163	0.044000		0.062000	34
164	0.041500		0.060000	34
165	0.045000		0.062000	34
166	0.043500		0.060000	34
167	0.043000		0.062000	34
168	0.044000		0.060000	35
169	0.044500		0.062000	35
170	0.045000		0.060000	35
171	0.043000		0.062000	35
172	0.042000		0.062000	35
173	0.042000		0.062000	36
174	0.041500		0.062000	36
175	0.041000		0.062000	36
176	0.041000		0.060000	36
177	0.041500		0.060000	36
178	0.040500		0.060000	37
179	0.040000		0.060000	37
180	0.040500		0.060000	37
181	0.042000		0.060000	37
182	0.039500		0.060000	37
183	0.040000		0.060000	38
184	0.041500		0.060000	38
185	0.039500		0.060000	38
186	0.041000		0.060000	38
187	0.040000		0.060000	38
188	0.040500		0.060000	39
189	0.039000		0.060000	39
190	0.037000		0.060000	39
191	0.039000		0.060000	39
192	0.036500		0.060000	39
193	0.038500		0.060000	40
194	0.035000		0.060000	40
195	0.037500		0.060000	40
196	0.034500		0.060000	40
197	0.037500		0.060000	40
198	0.033000		0.060000	41
199	0.036000		0.060000	41
200	0.033000		0.060000	41
201	0.034000		0.060000	41
202	0.030500		0.060000	41
203	0.035000		0.060000	42
204	0.030000		0.060000	42
205	0.033500		0.060000	42
206	0.030500		0.060000	42
207	0.034500		0.060000	42
208	0.032500		0.060000	43
209	0.033500		0.060000	43
210	0.032000		0.060000	43
211	0.035000		0.060000	43
212	0.030500		0.060000	43
213	0.033500		0.060000	44
214	0.029500		0.060000	44
215	0.033000		0.060000	44
216	0.027000		0.060000	44
217	0.032000		0.060000	44
218	0.027500		0.060000	45
219	0.030500		0.062000	45
220	0.027500		0.062000	45
221	0.029500		0.062000	45
222	0.027000		0.062000	45
223	0.030500		0.064000	46
224	0.027000		0.062000	46
225	0.029000		0.064000	46
226	0.028000		0.060000	46
227	0.029000		0.064000	47
228	0.026500		0.060000	47
229	0.030500		0.064000	47
230	0.028500		0.060000	47
231	0.030500		0.064000	47
232	0.028500		0.064000	48
233	0.029500		0.064000	48
234	0.028000		0.064000	48
235	0.028500		0.064000	48
236	0.028000		0.062000	48
237	0.030000		0.062000	49
238	0.027000		0.062000	49
239	0.030000		0.062000	49
240	0.027000		0.060000	49
241	0.030500		0.062000	49
242	0.026000		0.060000	50
243	0.030500		0.062000	50
244	0.025000		0.062000	50
245	0.027500		0.060000	50
246	0.028500		0.060000	50
247	0.028000		0.066000	51
248	0.028000		0.062000	51
249	0.027500		0.066000	51
250	0.028000		0.062000	51
251	0.026500		0.066000	51
252	0.026500		0.064000	52
253	0.026000		0.066000	52
254	0.026000		0.064000	52
255	0.025500		0.064000	52
256	0.026000		0.064000	52
257	0.025000		0.064000	53
258	0.025500		0.064000	53
259	0.026000		0.064000	53
260	0.026000		0.064000	53
261	0.025000		0.064000	53
262	0.024000		0.064000	54
263	0.025000		0.064000	54
264	0.024500		0.064000	54
265	0.025000		0.066000	54
266	0.023500		0.066000	54
267	0.026000		0.066000	55
268	0.023000		0.066000	55
269	0.024500		0.066000	55
270	0.023500		0.064000	55
271	0.024500		0.066000	55
272	0.024500		0.064000	56
273	0.024500		0.064000	56
274	0.023500		0.064000	56
275	0.025500		0.064000	56
276	0.023500		0.064000	56
277	0.025500		0.066000	57
278	0.023500		0.064000	57
279	0.024000		0.066000	57
280	0.022000		0.064000	57
281	0.024000		0.066000	57
282	0.022500		0.064000	58
283	0.023500		0.066000	58
284	0.022500		0.064000	58
285	0.023000		0.066000	58
286	0.021000		0.064000	59
287	0.023000		0.066000	59
288	0.021000		0.064000	59
289	0.021500		0.066000	59
290	0.019500		0.064000	59
291	0.022500		0.066000	60
292	0.020000		0.064000	60
293	0.020000		0.066000	60
294	0.020000		0.066000	60
295	0.020500		0.066000	60
296	0.022000		0.064000	61
297	0.020000		0.066000	61
298	0.023000		0.064000	61
299	0.020000		0.066000	61
300	0.022000		0.064000	61
301	0.019500		0.066000	62
302	0.023000		0.068000	62
303	0.019000		0.066000	62
304	0.021500		0.068000	62
305	0.019000		0.066000	62
306	0.020000		0.066000	63
307	0.019500		0.066000	63
308	0.021500		0.066000	63
309	0.019000		0.066000	63
310	0.020000		0.064000	63
311	0.018500		0.066000	64
312	0.020500		0.064000	64
313	0.018000		0.068000	64
314	0.019500		0.066000	64
315	0.017500		0.068000	64
316	0.020000		0.066000	65
317	0.016500		0.068000	65
318	0.019000		0.066000	65
319	0.016000		0.068000	65
320	0.016500		0.068000	65
321	0.017000		0.068000	66
322	0.015000		0.068000	66
323	0.017000		0.068000	66
324	0.014000		0.070000	66
325	0.017000		0.068000	66
326	0.014000		0.068000	67
327	0.015500		0.068000	67
328	0.017000		0.068000	67
329	0.014500		0.068000	67
330	0.017000		0.068000	67
331	0.014500		0.070000	68
332	0.016000		0.068000	68
333	0.013500		0.068000	68
334	0.016500		0.068000	68
335	0.013000		0.068000	68
336	0.016000		0.068000	69
337	0.013000		0.070000	69
338	0.015500		0.072000	69
339	0.013000		0.072000	69
340	0.015500		0.072000	69
341	0.012500		0.072000	70
342	0.016000		0.070000	70
343	0.013000		0.070000	70
344	0.015500		0.070000	70
345	0.013500		0.072000	71
346	0.015500		0.070000	71
347	0.013000		0.070000	71
348	0.013500		0.072000	71
349	0.013000		0.072000	71
350	0.013000		0.072000	72
351	0.011000		0.072000	72
352	0.012500		0.074000	72
353	0.009500		0.072000	72
354	0.013000		0.070000	72
355	0.009000		0.072000	73
356	0.013000		0.070000	73
357	0.009500		0.072000	73
358	0.013500		0.070000	73
359	0.008500		0.072000	73
360	0.013500		0.074000	74
361	0.009500		0.072000	74
362	0.012000		0.072000	74
363	0.007500		0.072000	74
364	0.010000		0.072000	74
365	0.007500		0.072000	75
366	0.009500		0.072000	75
367	0.007000		0.072000	75
368	0.009000		0.072000	75
369	0.008500		0.072000	75
370	0.009000		0.072000	76
371	0.009500		0.072000	76
372	0.008500		0.072000	76
373	0.010500		0.072000	76
374	0.008000		0.072000	76
375	0.009500		0.072000	77
376	0.007500		0.072000	77
377	0.007000		0.072000	77
378	0.007500		0.074000	77
379	0.008500		0.072000	77
380	0.006000		0.074000	78
381	0.009000		0.074000	78
382	0.006000		0.074000	78
383	0.008500		0.072000	78
384	0.006500		0.074000	78
385	0.009000		0.072000	79
386	0.006500		0.072000	79
387	0.005000		0.074000	79
388	0.007500		0.072000	79
389	0.004500		0.074000	79
390	0.007500		0.072000	80
391	0.004000		0.074000	80
392	0.007500		0.072000	80
393	0.004000		0.076000	80
394	0.006500		0.074000	80
395	0.003000		0.076000	81
396	0.007500		0.074000	81
397	0.003500		0.076000	81
398	0.007500		0.072000	81
399	0.003500		0.076000	81
400	0.006000		0.072000	82
401	0.005500		0.074000	82
402	0.005000		0.072000	82
403	0.005000		0.074000	82
404	0.005500		0.072000	82
405	0.004500		0.074000	83
406	0.005000		0.072000	83
407	0.004500		0.074000	83
408	0.004000		0.072000	83
409	0.005000		0.072000	84
410	0.003500		0.070000	84
411	0.005500		0.070000	84
412	0.003500		0.070000	84
413	0.005500		0.070000	84
414	0.004000		0.070000	85
415	0.006500		0.070000	85
416	0.003500		0.070000	85
417	0.006000		0.070000	85
418	0.003500		0.070000	85
419	0.005000		0.070000	86
420	0.004500		0.070000	86
421	0.004500		0.072000	86
422	0.005000		0.070000	86
423	0.005000		0.072000	86
424	0.004500		0.070000	87
425	0.005000		0.072000	87
426	0.004000		0.070000	87
427	0.004500		0.072000	87
428	0.003500		0.070000	87
429	0.004000		0.072000	88
430	0.003000		0.070000	88
431	0.004000		0.074000	88
432	0.003500		0.074000	88
433	0.003000		0.074000	88
434	0.003500		0.074000	89
435	0.003000		0.074000	89
436	0.004000		0.074000	89
437	0.002500		0.074000	89
438	0.004000		0.074000	89
439	0.002500		0.074000	90
440	0.004000		0.076000	90
441	0.002500		0.076000	90
442	0.003500		0.076000	90
443	0.003000		0.076000	90
444	0.003500		0.076000	91
445	0.002000		0.076000	91
446	0.004000		0.076000	91
447	0.002000		0.078000	91
448	0.003500		0.076000	91
449	0.002000		0.074000	92
450	0.003000		0.074000	92
451	0.001500		0.076000	92
452	0.003000		0.074000	92
453	0.002000		0.076000	92
454	0.003000		0.074000	93
455	0.002000		0.074000	93
456	0.003000		0.074000	93
457	0.001500		0.072000	93
458	0.002500		0.074000	93
459	0.001500		0.072000	94
460	0.002500		0.074000	94
461	0.001500		0.072000	94
462	0.002000		0.074000	94
463	0.002000		0.072000	94
464	0.001500		0.074000	95
465	0.002000		0.072000	95
466	0.001500		0.074000	95
467	0.001000		0.072000	95
468	0.000500		0.074000	96
469	0.001000		0.074000	96
470	0.001000		0.072000	96
471	0.001000		0.074000	96
472	0.001000		0.072000	96
473	0.001000		0.074000	97
474	0.002000		0.072000	97
475	0.001000		0.074000	97
476	0.002000		0.072000	97
477	0.001000		0.074000	97
478	0.002000		0.072000	98
479	0.001000		0.074000	98
480	0.002000		0.074000	98
481	0.001500		0.072000	98
482	0.001500		0.072000	98
483	0.000500		0.072000	99
484	0.002000		0.074000	99
485	0.000500		0.072000	99
486	0.002000		0.074000	99
487	0.000500		0.074000	99
488	0.002000		0.072000	100
489	0.000500		0.074000	100
490	0.001500		0.072000	100
491	0.000500		0.074000	100
492	0.002000		0.072000	100
493	0.000500		0.070000	101
494	0.002000		0.072000	101
495	0.000500		0.070000	101
496	0.002000		0.072000	101
497	0.000500		0.072000	101
498	0.002000		0.072000	102
499	0.000500		0.072000	102
500	0.001500		0.072000	102
501	0.001000		0.072000	102
502	0.001500		0.072000	102
503	0.001000		0.072000	103
504	0.001500		0.072000	103
505	0.001000		0.072000	103
506	0.001500		0.072000	103
507	0.001000		0.072000	103
508	0.000500		0.072000	104
509	0.001000		0.076000	104
510	0.000500		0.072000	104
511	0.001000		0.076000	104
512	0.000500		0.072000	104
513	0.001000		0.076000	105
514	0.000500		0.072000	105
515	0.000500		0.076000	105
516	0.000500		0.072000	105
517	0.000500		0.076000	105
518	0.000500		0.072000	106
519	0.000500		0.076000	106
520	0.000500		0.072000	106
521	0.000500		0.076000	106
522	0.000500		0.074000	106
523	0.000500		0.072000	107
524	0.000500		0.074000	107
525	0.000500		0.072000	107
526	0.000500		0.074000	107
527	0.000500		0.072000	108
528	0.000500		0.074000	108
529	0.000500		0.072000	108
530	0.000500		0.074000	108
531	0.000500		0.072000	108
532	0.000500		0.074000	109
533	0.000000		0.072000	109
534	0.000500		0.074000	109
535	0.000000		0.072000	109
536	0.000500		0.074000	109
537	0.000000		0.072000	110
538	0.000500		0.074000	110
539	0.000000		0.072000	110
540	0.000500		0.074000	110
541	0.000000		0.072000	110
542	0.000500		0.074000	111
543	0.000000		0.074000	111
544	0.000000		0.074000	111
545	0.000000		0.074000	111
546	0.000000		0.074000	111
547	0.000000		0.074000	112
548	0.000000		0.074000	112
549	0.000000		0.076000	112
550	0.000000		0.076000	112
551	0.000000		0.076000	112
552	0.000000		0.074000	113
553	0.000000		0.074000	113
554	0.000000		0.076000	113
555	0.000000		0.076000	113
556	0.000500		0.076000	113
557	0.000000		0.076000	114
558	0.000000		0.076000	114
559	0.000000		0.076000	114
560	0.000000		0.076000	114
561	0.000000		0.076000	114
562	0.000000		0.074000	115
563	0.000000		0.074000	115
564	0.000000		0.072000	115
565	0.000000		0.072000	115
566	0.000500		0.072000	115
567	0.000000		0.072000	116
568	0.000000		0.072000	116
569	0.000000		0.072000	116
570	0.000000		0.072000	116
571	0.000000		0.072000	116
572	0.000000		0.072000	117
573	0.000000		0.074000	117
574	0.000000		0.072000	117
575	0.000000		0.072000	117
576	0.000000		0.072000	117
577	0.000000		0.072000	118
578	0.000000		0.072000	118
579	0.000000		0.072000	118
580	0.000000		0.072000	118
581	0.000000		0.072000	118
582	0.000000		0.072000	119
583	0.000000		0.072000	119
584	0.000000		0.072000	119
585	0.000000		0.072000	119
586	0.000000		0.072000	120
587	0.000000		0.072000	120
588	0.000000		0.072000	120
589	0.000000		0.072000	120
590	0.000000		0.072000	120
591	0.000000		0.072000	121
592	0.000000		0.072000	121
593	0.000000		0.072000	121
594	0.000000		0.072000	121
595	0.000000		0.074000	121
596	0.000000		0.072000	122
597	0.000000		0.074000	122
598	0.000000		0.074000	122
599	0.000000		0.074000	122
600	0.000000		0.074000	122
601	0.000000		0.074000	123
602	0.000000		0.074000	123
603	0.000000		0.074000	123
604	0.000000		0.074000	123
605	0.000000		0.074000	123
606	0.000000		0.074000	124
607	0.000000		0.074000	124
608	0.000000		0.074000	124
609	0.000000		0.074000	124
610	0.000000		0.074000	124
611	0.000000		0.074000	125
612	0.000000		0.074000	125
613	0.000000		0.074000	125
614	0.000000		0.074000	125
615	0.000000		0.072000	125
616	0.000000		0.074000	126
617	0.000000		0.072000	126
618	0.000000		0.074000	126
619	0.000000		0.072000	126
620	0.000000		0.074000	126
621	0.000000		0.072000	127
622	0.000000		0.074000	127
623	0.000000		0.072000	127
624	0.000000		0.074000	127
625	0.000000		0.072000	127
626	0.000000		0.074000	128
627	0.000000		0.076000	128
628	0.000000		0.076000	128
629	0.000000		0.074000	128
630	0.000000		0.078000	128
631	0.000000		0.076000	129
632	0.000000		0.078000	129
633	0.000000		0.076000	129
634	0.000000		0.078000	129
635	0.000000		0.076000	129
636	0.000000		0.078000	130
637	0.000000		0.074000	130
638	0.000000		0.078000	130
639	0.000000		0.074000	130
640	0.000000		0.076000	130
641	0.000000		0.074000	131
642	0.000000		0.076000	131
643	0.000000		0.074000	131
644	0.000000		0.076000	131
645	0.000000		0.074000	131
646	0.000000		0.076000	132
647	0.000000		0.074000	132
648	0.000000		0.076000	132
649	0.000000		0.074000	132
650	0.000000		0.076000	133
651	0.000000		0.074000	133
652	0.000000		0.076000	133
653	0.000000		0.074000	133
654	0.000000		0.076000	133
655	0.000000		0.074000	134
656	0.000000		0.076000	134
657	0.000000		0.074000	134
658	0.000000		0.076000	134
659	0.000000		0.074000	134
660	0.000000		0.076000	135
661	0.000000		0.074000	135
662	0.000000		0.076000	135
663	0.000000		0.074000	135
664	0.000000		0.076000	135
665	0.000000		0.074000	136
666	0.000000		0.076000	136
667	0.000000		0.074000	136
668	0.000000		0.076000	136
669	0.000000		0.076000	136
670	0.000000		0.076000	137
671	0.000000		0.076000	137
672	0.000000		0.076000	137
673	0.000000		0.076000	137
674	0.000000		0.076000	137
675	0.000000		0.078000	138
676	0.000000		0.078000	138
677	0.000000		0.078000	138
678	0.000000		0.078000	138
679	0.000000		0.076000	138
680	0.000000		0.078000	139
681	0.000000		0.076000	139
682	0.000000		0.078000	139
683	0.000000		0.078000	139
684	0.000000		0.078000	139
685	0.000000		0.078000	140
686	0.000000		0.078000	140
687	0.000000		0.078000	140
688	0.000000		0.078000	140
689	0.000000		0.078000	140
690	0.000000		0.078000	141
691	0.000000		0.078000	141
692	0.000000		0.078000	141
693	0.000000		0.078000	141
694	0.000000		0.078000	141
695	0.000000		0.078000	142
696	0.000000		0.078000	142
697	0.000000		0.078000	142
698	0.000000		0.078000	142
699	0.000000		0.078000	142
700	0.000000		0.078000	143
701	0.000000		0.078000	143
702	0.000000		0.078000	143
703	0.000000		0.078000	143
704	0.000000		0.078000	143
705	0.000000		0.078000	144
706	0.000000		0.078000	144
707	0.000000		0.078000	144
708	0.000000		0.078000	144
709	0.000000		0.078000	145
710	0.000000		0.078000	145
711	0.000000		0.078000	145
712	0.000000		0.078000	145
713	0.000000		0.078000	145
714	0.000000		0.078000	146
715	0.000000		0.078000	146
716	0.000000		0.078000	146
717	0.000000		0.078000	146
718	0.000000		0.078000	146
719	0.000000		0.078000	147
720	0.000000		0.078000	147
721	0.000000		0.078000	147
722	0.000000		0.078000	147
723	0.000000		0.078000	147
724	0.000000		0.078000	148
725	0.000000		0.078000	148
726	0.000000		0.078000	148
727	0.000000		0.078000	148
728	0.000000		0.078000	148
729	0.000000		0.078000	149
730	0.000000		0.078000	149
731	0.000000		0.078000	149
732	0.000000		0.078000	149
733	0.000000		0.078000	149
734	0.000000		0.078000	150
735	0.000000		0.078000	150
736	0.000000		0.078000	150
737	0.000000		0.078000	150
738	0.000000		0.078000	150
739	0.000000		0.078000	151
740	0.000000		0.078000	151
741	0.000000		0.078000	151
742	0.000000		0.078000	151
743	0.000000		0.078000	151
744	0.000000		0.078000	152
745	0.000000		0.078000	152
746	0.000000		0.078000	152
747	0.000000		0.078000	152
748	0.000000		0.078000	152
749	0.000000		0.078000	153
750	0.000000		0.078000	153
751	0.000000		0.078000	153
752	0.000000		0.078000	153
753	0.000000		0.078000	153
754	0.000000		0.078000	154
755	0.000000		0.078000	154
756	0.000000		0.078000	154
757	0.000000		0.078000	154
758	0.000000		0.078000	154
759	0.000000		0.078000	155
760	0.000000		0.078000	155
761	0.000000		0.078000	155
762	0.000000		0.078000	155
763	0.000000		0.078000	155
764	0.000000		0.078000	156
765	0.000000		0.078000	156
766	0.000000		0.078000	156
767	0.000000		0.078000	156
768	0.000000		0.078000	156
769	0.000000		0.078000	157
770	0.000000		0.078000	157
771	0.000000		0.078000	157
772	0.000000		0.078000	157
773	0.000000		0.078000	158
774	0.000000		0.078000	158
775	0.000000		0.078000	158
776	0.000000		0.078000	158
777	0.000000		0.078000	158
778	0.000000		0.078000	159
779	0.000000		0.078000	159
780	0.000000		0.078000	159
781	0.000000		0.078000	159
782	0.000000		0.078000	159
783	0.000000		0.078000	160
784	0.000000		0.078000	160
785	0.000000		0.078000	160
786	0.000000		0.078000	160
787	0.000000		0.078000	160
788	0.000000		0.078000	161
789	0.000000		0.078000	161
790	0.000000		0.078000	161
791	0.000000		0.078000	161
792	0.000000		0.078000	161
793	0.000000		0.078000	162
794	0.000000		0.078000	162
795	0.000000		0.078000	162
796	0.000000		0.078000	162
797	0.000000		0.078000	162
798	0.000000		0.078000	163
799	0.000000		0.078000	163
800	0.000000		0.078000	163
801	0.000000		0.078000	163
802	0.000000		0.078000	163
803	0.000000		0.078000	164
804	0.000000		0.076000	164
805	0.000000		0.076000	164
806	0.000000		0.076000	164
807	0.000000		0.076000	164
808	0.000000		0.076000	165
809	0.000000		0.076000	165
810	0.000000		0.076000	165
811	0.000000		0.078000	165
812	0.000000		0.076000	165
813	0.000000		0.078000	166
814	0.000000		0.076000	166
815	0.000000		0.078000	166
816	0.000000		0.076000	166
817	0.000000		0.078000	166
818	0.000000		0.076000	167
819	0.000000		0.078000	167
820	0.000000		0.076000	167
821	0.000000		0.078000	167
822	0.000000		0.076000	167
823	0.000000		0.078000	168
824	0.000000		0.076000	168
825	0.000000		0.078000	168
826	0.000000		0.076000	168
827	0.000000		0.078000	168
828	0.000000		0.076000	169
829	0.000000		0.078000	169
830	0.000000		0.076000	169
831	0.000000		0.078000	169
832	0.000000		0.076000	170
833	0.000000		0.078000	170
834	0.000000		0.076000	170
835	0.000000		0.078000	170
836	0.000000		0.076000	170
837	0.000000		0.078000	171
838	0.000000		0.076000	171
839	0.000000		0.078000	171
840	0.000000		0.076000	171
841	0.000000		0.078000	171
842	0.000000		0.076000	172
843	0.000000		0.078000	172
844	0.000000		0.076000	172
845	0.000000		0.078000	172
846	0.000000		0.076000	172
847	0.000000		0.078000	173
848	0.000000		0.076000	173
849	0.000000		0.078000	173
850	0.000000		0.076000	173
851	0.000000		0.078000	173
852	0.000000		0.076000	174
853	0.000000		0.078000	174
854	0.000000		0.076000	174
855	0.000000		0.078000	174
856	0.000000		0.076000	174
857	0.000000		0.078000	175
858	0.000000		0.076000	175
859	0.000000		0.078000	175
860	0.000000		0.076000	175
861	0.000000		0.078000	175
862	0.000000		0.076000	176
863	0.000000		0.076000	176
864	0.000000		0.076000	176
865	0.000000		0.076000	176
866	0.000000		0.076000	176
867	0.000000		0.076000	177
868	0.000000		0.076000	177
869	0.000000		0.074000	177
870	0.000000		0.076000	177
871	0.000000		0.074000	177
872	0.000000		0.074000	178
873	0.000000		0.078000	178
874	0.000000		0.074000	178
875	0.000000		0.078000	178
876	0.000000		0.078000	178
877	0.000000		0.078000	179
878	0.000000		0.076000	179
879	0.000000		0.076000	179
880	0.000000		0.076000	179
881	0.000000		0.076000	179
882	0.000000		0.076000	180
883	0.000000		0.078000	180
884	0.000000		0.074000	180
885	0.000000		0.074000	180
886	0.000000		0.074000	180
887	0.000000		0.074000	181
888	0.000000		0.074000	181
889	0.000000		0.074000	181
890	0.000000		0.074000	181
891	0.000000		0.074000	182
892	0.000000		0.074000	182
893	0.000000		0.074000	182
894	0.000000		0.074000	182
895	0.000000		0.074000	182
896	0.000000		0.074000	183
897	0.000000		0.074000	183
898	0.000000		0.074000	183
899	0.000000		0.074000	183
900	0.000000		0.074000	183
901	0.000000		0.074000	184
902	0.000000		0.074000	184
903	0.000000		0.074000	184
904	0.000000		0.074000	184
905	0.000000		0.074000	184
906	0.000000		0.074000	185
907	0.000000		0.074000	185
908	0.000000		0.074000	185
909	0.000000		0.074000	185
910	0.000000		0.074000	185
911	0.000000		0.076000	186
912	0.000000		0.074000	186
913	0.000000		0.076000	186
914	0.000000		0.074000	186
915	0.000000		0.076000	186
916	0.000000		0.074000	187
917	0.000000		0.076000	187
918	0.000000		0.076000	187
919	0.000000		0.076000	187
920	0.000000		0.076000	187
921	0.000000		0.078000	188
922	0.000000		0.078000	188
923	0.000000		0.078000	188
924	0.000000		0.078000	188
925	0.000000		0.078000	188
926	0.000000		0.078000	189
927	0.000000		0.078000	189
928	0.000000		0.078000	189
929	0.000000		0.078000	189
930	0.000000		0.078000	189
931	0.000000		0.078000	190
932	0.000000		0.078000	190
933	0.000000		0.078000	190
934	0.000000		0.078000	190
935	0.000000		0.078000	190
936	0.000000		0.078000	191
937	0.000000		0.078000	191
938	0.000000		0.078000	191
939	0.000000		0.078000	191
940	0.000000		0.078000	191
941	0.000000		0.078000	192
942	0.000000		0.078000	192
943	0.000000		0.078000	192
944	0.000000		0.078000	192
945	0.000000		0.078000	192
946	0.000000		0.078000	193
947	0.000000		0.078000	193
948	0.000000		0.078000	193
949	0.000000		0.076000	193
950	0.000000		0.076000	193
951	0.000000		0.076000	194
952	0.000000		0.076000	194
953	0.000000		0.076000	194
954	0.000000		0.076000	194
955	0.000000		0.078000	195
956	0.000000		0.078000	195
957	0.000000		0.078000	195
958	0.000000		0.078000	195
959	0.000000		0.078000	195
960	0.000000		0.078000	196
961	0.000000		0.078000	196
962	0.000000		0.076000	196
963	0.000000		0.076000	196
964	0.000000		0.076000	196
965	0.000000		0.078000	197
966	0.000000		0.076000	197
967	0.000000		0.078000	197
968	0.000000		0.076000	197
969	0.000000		0.078000	197
970	0.000000		0.076000	198
971	0.000000		0.078000	198
972	0.000000		0.076000	198
973	0.000000		0.078000	198
974	0.000000		0.078000	198
975	0.000000		0.078000	199
976	0.000000		0.074000	199
977	0.000000		0.078000	199
978	0.000000		0.078000	199
979	0.000000		0.078000	199
980	0.000000		0.078000	200
981	0.000000		0.078000	200
982	0.000000		0.078000	200
983	0.000000		0.078000	200
984	0.000000		0.078000	200
985	0.000000		0.078000	201
986	0.000000		0.078000	201
987	0.000000		0.078000	201
988	0.000000		0.078000	201
989	0.000000		0.078000	201
990	0.000000		0.078000	202
991	0.000000		0.078000	202
992	0.000000		0.078000	202
993	0.000000		0.078000	202
994	0.000000		0.078000	202
995	0.000000		0.078000	203
996	0.000000		0.078000	203
997	0.000000		0.078000	203
998	0.000000		0.078000	203
999	0.000000		0.078000	203
1000	0.000000		0.078000	204
1001	0.000000		0.078000	204
1002	0.000000		0.078000	204
1003	0.000000		0.078000	204
1004	0.000000		0.078000	204
1005	0.000000		0.078000	205
1006	0.000000		0.078000	205
1007	0.000000		0.078000	205
1008	0.000000		0.078000	205
1009	0.000000		0.078000	205
1010	0.000000		0.078000	206
1011	0.000000		0.078000	206
1012	0.000000		0.078000	206
1013	0.000000		0.078000	206
1014	0.000000		0.078000	207
1015	0.000000		0.078000	207
1016	0.000000		0.078000	207
1017	0.000000		0.078000	207
1018	0.000000		0.078000	207
1019	0.000000		0.078000	208
1020	0.000000		0.078000	208
1021	0.000000		0.078000	208
1022	0.000000		0.078000	208
1023	0.000000		0.078000	208
1024	0.000000		0.078000	209
1025	0.000000		0.078000	209
1026	0.000000		0.078000	209
1027	0.000000		0.078000	209
1028	0.000000		0.078000	209
1029	0.000000		0.078000	210
1030	0.000000		0.078000	210
1031	0.000000		0.078000	210
1032	0.000000		0.078000	210
1033	0.000000		0.078000	210
1034	0.000000		0.078000	211
1035	0.000000		0.078000	211
1036	0.000000		0.078000	211
1037	0.000000		0.078000	211
1038	0.000000		0.078000	211
1039	0.000000		0.078000	212
1040	0.000000		0.078000	212
1041	0.000000		0.078000	212
1042	0.000000		0.078000	212
1043	0.000000		0.078000	212
1044	0.000000		0.078000	213
1045	0.000000		0.078000	213
1046	0.000000		0.078000	213
1047	0.000000		0.078000	213
1048	0.000000		0.078000	213
1049	0.000000		0.078000	214
1050	0.000000		0.078000	214
1051	0.000000		0.078000	214
1052	0.000000		0.078000	214
1053	0.000000		0.078000	214
1054	0.000000		0.078000	215
1055	0.000000		0.078000	215
1056	0.000000		0.078000	215
1057	0.000000		0.078000	215
1058	0.000000		0.078000	215
1059	0.000000		0.078000	216
1060	0.000000		0.078000	216
1061	0.000000		0.078000	216
1062	0.000000		0.078000	216
1063	0.000000		0.078000	216
1064	0.000000		0.076000	217
1065	0.000000		0.078000	217
1066	0.000000		0.076000	217
1067	0.000000		0.078000	217
1068	0.000000		0.076000	217
1069	0.000000		0.078000	218
1070	0.000000		0.076000	218
1071	0.000000		0.078000	218
1072	0.000000		0.076000	218
1073	0.000000		0.078000	219
1074	0.000000		0.076000	219
1075	0.000000		0.078000	219
1076	0.000000		0.078000	219
1077	0.000000		0.078000	219
1078	0.000000		0.078000	220
1079	0.000000		0.078000	220
1080	0.000000		0.078000	220
1081	0.000000		0.078000	220
1082	0.000000		0.078000	220
1083	0.000000		0.078000	221
1084	0.000000		0.078000	221
1085	0.000000		0.078000	221
1086	0.000000		0.078000	221
1087	0.000000		0.078000	221
1088	0.000000		0.078000	222
1089	0.000000		0.078000	222
1090	0.000000		0.078000	222
1091	0.000000		0.078000	222
1092	0.000000		0.078000	222
1093	0.000000		0.078000	223
1094	0.000000		0.078000	223
1095	0.000000		0.078000	223
1096	0.000000		0.078000	223
1097	0.000000		0.078000	223
1098	0.000000		0.078000	224
1099	0.000000		0.078000	224
1100	0.000000		0.078000	224
1101	0.000000		0.078000	224
1102	0.000000		0.078000	224
1103	0.000000		0.078000	225
1104	0.000000		0.078000	225
1105	0.000000		0.078000	225
1106	0.000000		0.078000	225
1107	0.000000		0.078000	225
1108	0.000000		0.078000	226
1109	0.000000		0.078000	226
1110	0.000000		0.078000	226
1111	0.000000		0.078000	226
1112	0.000000		0.078000	226
1113	0.000000		0.078000	227
1114	0.000000		0.078000	227
1115	0.000000		0.078000	227
1116	0.000000		0.078000	227
1117	0.000000		0.078000	227
1118	0.000000		0.078000	228
1119	0.000000		0.078000	228
1120	0.000000		0.078000	228
1121	0.000000		0.078000	228
1122	0.000000		0.078000	228
1123	0.000000		0.078000	229
1124	0.000000		0.078000	229
1125	0.000000		0.078000	229
1126	0.000000		0.078000	229
1127	0.000000		0.078000	229
1128	0.000000		0.078000	230
1129	0.000000		0.078000	230
1130	0.000000		0.078000	230
1131	0.000000		0.078000	230
1132	0.000000		0.078000	230
1133	0.000000		0.078000	231
1134	0.000000		0.078000	231
1135	0.000000		0.078000	231
1136	0.000000		0.078000	231
1137	0.000000		0.078000	232
1138	0.000000		0.078000	232
1139	0.000000		0.078000	232
1140	0.000000		0.078000	232
1141	0.000000		0.078000	232
1142	0.000000		0.078000	233
1143	0.000000		0.078000	233
1144	0.000000		0.078000	233
1145	0.000000		0.078000	233
1146	0.000000		0.078000	233
1147	0.000000		0.078000	234
1148	0.000000		0.078000	234
1149	0.000000		0.078000	234
1150	0.000000		0.078000	234
1151	0.000000		0.078000	234
1152	0.000000		0.078000	235
1153	0.000000		0.078000	235
1154	0.000000		0.078000	235
1155	0.000000		0.078000	235
1156	0.000000		0.078000	235
1157	0.000000		0.078000	236
1158	0.000000		0.078000	236
1159	0.000000		0.078000	236
1160	0.000000		0.078000	236
1161	0.000000		0.078000	236
1162	0.000000		0.078000	237
1163	0.000000		0.078000	237
1164	0.000000		0.078000	237
1165	0.000000		0.078000	237
1166	0.000000		0.078000	237
1167	0.000000		0.078000	238
1168	0.000000		0.078000	238
1169	0.000000		0.078000	238
1170	0.000000		0.078000	238
1171	0.000000		0.078000	238
1172	0.000000		0.078000	239
1173	0.000000		0.078000	239
1174	0.000000		0.078000	239
1175	0.000000		0.078000	239
1176	0.000000		0.078000	239
1177	0.000000		0.078000	240
1178	0.000000		0.078000	240
1179	0.000000		0.078000	240
1180	0.000000		0.078000	240
1181	0.000000		0.078000	240
1182	0.000000		0.078000	241
1183	0.000000		0.078000	241
1184	0.000000		0.078000	241
1185	0.000000		0.078000	241
1186	0.000000		0.078000	241
1187	0.000000		0.078000	242
1188	0.000000		0.078000	242
1189	0.000000		0.078000	242
1190	0.000000		0.078000	242
1191	0.000000		0.078000	242
1192	0.000000		0.078000	243
1193	0.000000		0.078000	243
1194	0.000000		0.078000	243
1195	0.000000		0.078000	243
1196	0.000000		0.078000	243
1197	0.000000		0.078000	244
1198	0.000000		0.078000	244
1199	0.000000		0.078000	244
1200	0.000000		0.078000	244
1201	0.000000		0.078000	245
1202	0.000000		0.078000	245
1203	0.000000		0.078000	245
1204	0.000000		0.078000	245
1205	0.000000		0.078000	245
1206	0.000000		0.078000	246
1207	0.000000		0.078000	246
1208	0.000000		0.078000	246
1209	0.000000		0.078000	246
1210	0.000000		0.078000	246
1211	0.000000		0.078000	247
1212	0.000000		0.078000	247
1213	0.000000		0.078000	247
1214	0.000000		0.078000	247
1215	0.000000		0.078000	247
1216	0.000000		0.078000	248
1217	0.000000		0.078000	248
1218	0.000000		0.078000	248
1219	0.000000		0.078000	248
1220	0.000000		0.078000	248
1221	0.000000		0.078000	249
1222	0.000000		0.078000	249
1223	0.000000		0.078000	249
1224	0.000000		0.078000	249
1225	0.000000		0.078000	249
1226	0.000000		0.078000	250
1227	0.000000		0.078000	250
1228	0.000000		0.078000	250
1229	0.000000		0.078000	250
1230	0.000000		0.078000	250
1231	0.000000		0.078000	251
1232	0.000000		0.078000	251
1233	0.000000		0.078000	251
1234	0.000000		0.078000	251
1235	0.000000		0.078000	251
1236	0.000000		0.078000	252
1237	0.000000		0.078000	252
1238	0.000000		0.078000	252
1239	0.000000		0.078000	252
1240	0.000000		0.078000	252
1241	0.000000		0.078000	253
1242	0.000000		0.078000	253
1243	0.000000		0.078000	253
1244	0.000000		0.078000	253
1245	0.000000		0.078000	253
1246	0.000000		0.078000	254
1247	0.000000		0.078000	254
1248	0.000000		0.078000	254
1249	0.000000		0.078000	254
1250	0.000000		0.078000	254
1251	0.000000		0.078000	255
1252	0.000000		0.078000	255
1253	0.000000		0.078000	255
1254	0.000000		0.078000	255
1255	0.000000		0.078000	255
1256	0.000000		0.078000	256
1257	0.000000		0.078000	256
1258	0.000000		0.078000	256
1259	0.000000		0.078000	256
1260	0.000000		0.078000	257
1261	0.000000		0.078000	257
1262	0.000000		0.078000	257
1263	0.000000		0.078000	257
1264	0.000000		0.078000	257
1265	0.000000		0.078000	258
1266	0.000000		0.078000	258
1267	0.000000		0.080000	258
1268	0.000000		0.078000	258
1269	0.000000		0.080000	258
1270	0.000000		0.078000	259
1271	0.000000		0.078000	259
1272	0.000000		0.080000	259
1273	0.000000		0.078000	259
1274	0.000000		0.080000	259
1275	0.000000		0.078000	260
1276	0.000000		0.080000	260
1277	0.000000		0.078000	260
1278	0.000000		0.080000	260
1279	0.000000		0.078000	260
1280	0.000000		0.080000	261
1281	0.000000		0.078000	261
1282	0.000000		0.080000	261
1283	0.000000		0.078000	261
1284	0.000000		0.080000	261
1285	0.000000		0.078000	262
1286	0.000000		0.080000	262
1287	0.000000		0.078000	262
1288	0.000000		0.080000	262
1289	0.000000		0.078000	262
1290	0.000000		0.080000	263
1291	0.000000		0.080000	263
1292	0.000000		0.080000	263
1293	0.000000		0.080000	263
1294	0.000000		0.080000	263
1295	0.000000		0.080000	264
1296	0.000000		0.080000	264
1297	0.000000		0.080000	264
1298	0.000000		0.080000	264
1299	0.000000		0.080000	264
1300	0.000000		0.080000	265
1301	0.000000		0.080000	265
1302	0.000000		0.080000	265
1303	0.000000		0.080000	265
1304	0.000000		0.080000	265
1305	0.000000		0.080000	266
1306	0.000000		0.080000	266
1307	0.000000		0.080000	266
1308	0.000000		0.080000	266
1309	0.000000		0.080000	266
1310	0.000000		0.080000	267
1311	0.000000		0.080000	267
1312	0.000000		0.080000	267
1313	0.000000		0.080000	267
1314	0.000000		0.080000	267
1315	0.000000		0.080000	268
1316	0.000000		0.080000	268
1317	0.000000		0.078000	268
1318	0.000000		0.080000	268
1319	0.000000		0.078000	268
1320	0.000000		0.080000	269
1321	0.000000		0.078000	269
1322	0.000000		0.080000	269
1323	0.000000		0.078000	269
1324	0.000000		0.080000	270
1325	0.000000		0.078000	270
1326	0.000000		0.080000	270
1327	0.000000		0.078000	270
1328	0.000000		0.080000	270
1329	0.000000		0.078000	271
1330	0.000000		0.080000	271
1331	0.000000		0.078000	271
1332	0.000000		0.080000	271
1333	0.000000		0.078000	271
1334	0.000000		0.080000	272
1335	0.000000		0.078000	272
1336	0.000000		0.080000	272
1337	0.000000		0.078000	272
1338	0.000000		0.080000	272
1339	0.000000		0.078000	273
1340	0.000000		0.080000	273
1341	0.000000		0.078000	273
1342	0.000000		0.080000	273
1343	0.000000		0.078000	273
1344	0.000000		0.078000	274
1345	0.000000		0.078000	274
1346	0.000000		0.078000	274
1347	0.000000		0.078000	274
1348	0.000000		0.078000	274
1349	0.000000		0.078000	275
1350	0.000000		0.078000	275
1351	0.000000		0.078000	275
1352	0.000000		0.078000	275
1353	0.000000		0.078000	275
1354	0.000000		0.078000	276
1355	0.000000		0.078000	276
1356	0.000000		0.080000	276
1357	0.000000		0.078000	276
1358	0.000000		0.078000	276
1359	0.000000		0.078000	277
1360	0.000000		0.080000	277
1361	0.000000		0.078000	277
1362	0.000000		0.080000	277
1363	0.000000		0.078000	277
1364	0.000000		0.080000	278
1365	0.000000		0.078000	278
1366	0.000000		0.078000	278
1367	0.000000		0.078000	278
1368	0.000000		0.078000	278
1369	0.000000		0.078000	279
1370	0.000000		0.078000	279
1371	0.000000		0.078000	279
1372	0.000000		0.078000	279
1373	0.000000		0.078000	279
1374	0.000000		0.078000	280
1375	0.000000		0.078000	280
1376	0.000000		0.078000	280
1377	0.000000		0.078000	280
1378	0.000000		0.078000	280
1379	0.000000		0.078000	281
1380	0.000000		0.078000	281
1381	0.000000		0.078000	281
1382	0.000000		0.078000	281
1383	0.000000		0.078000	282
1384	0.000000		0.078000	282
1385	0.000000		0.078000	282
1386	0.000000		0.078000	282
1387	0.000000		0.078000	282
1388	0.000000		0.078000	283
1389	0.000000		0.078000	283
1390	0.000000		0.078000	283
1391	0.000000		0.078000	283
1392	0.000000		0.078000	283
1393	0.000000		0.078000	284
1394	0.000000		0.078000	284
1395	0.000000		0.078000	284
1396	0.000000		0.078000	284
1397	0.000000		0.078000	284
1398	0.000000		0.078000	285
1399	0.000000		0.078000	285
1400	0.000000		0.078000	285
1401	0.000000		0.078000	285
1402	0.000000		0.078000	285
1403	0.000000		0.078000	286
1404	0.000000		0.078000	286
1405	0.000000		0.078000	286
1406	0.000000		0.078000	286
1407	0.000000		0.078000	286
1408	0.000000		0.078000	287
1409	0.000000		0.078000	287
1410	0.000000		0.078000	287
1411	0.000000		0.078000	287
1412	0.000000		0.078000	287
1413	0.000000		0.078000	288
1414	0.000000		0.078000	288
1415	0.000000		0.078000	288
1416	0.000000		0.078000	288
1417	0.000000		0.078000	288
1418	0.000000		0.078000	289
1419	0.000000		0.078000	289
1420	0.000000		0.078000	289
1421	0.000000		0.078000	289
1422	0.000000		0.078000	289
1423	0.000000		0.078000	290
1424	0.000000		0.078000	290
1425	0.000000		0.078000	290
1426	0.000000		0.078000	290
1427	0.000000		0.078000	290
1428	0.000000		0.078000	291
1429	0.000000		0.078000	291
1430	0.000000		0.078000	291
1431	0.000000		0.078000	291
1432	0.000000		0.078000	291
1433	0.000000		0.078000	292
1434	0.000000		0.078000	292
1435	0.000000		0.078000	292
1436	0.000000		0.078000	292
1437	0.000000		0.078000	292
1438	0.000000		0.078000	293
1439	0.000000		0.078000	293
1440	0.000000		0.078000	293
1441	0.000000		0.078000	293
1442	0.000000		0.076000	294
1443	0.000000		0.076000	294
1444	0.000000		0.076000	294
1445	0.000000		0.076000	294
1446	0.000000		0.076000	294
1447	0.000000		0.076000	295
1448	0.000000		0.076000	295
1449	0.000000		0.076000	295
1450	0.000000		0.076000	295
1451	0.000000		0.078000	295
1452	0.000000		0.076000	296
1453	0.000000		0.076000	296
1454	0.000000		0.078000	296
1455	0.000000		0.076000	296
1456	0.000000		0.076000	296
1457	0.000000		0.076000	297
1458	0.000000		0.076000	297
1459	0.000000		0.076000	297
1460	0.000000		0.076000	297
1461	0.000000		0.076000	297
1462	0.000000		0.076000	298
1463	0.000000		0.076000	298
1464	0.000000		0.076000	298
1465	0.000000		0.076000	298
1466	0.000000		0.076000	298
1467	0.000000		0.076000	299
1468	0.000000		0.076000	299
1469	0.000000		0.076000	299
1470	0.000000		0.078000	299
1471	0.000000		0.076000	299
1472	0.000000		0.078000	300
1473	0.000000		0.076000	300
1474	0.000000		0.078000	300
1475	0.000000		0.076000	300
1476	0.000000		0.078000	300
1477	0.000000		0.076000	301
1478	0.000000		0.078000	301
1479	0.000000		0.076000	301
1480	0.000000		0.078000	301
1481	0.000000		0.076000	301
1482	0.000000		0.078000	302
1483	0.000000		0.076000	302
1484	0.000000		0.078000	302
1485	0.000000		0.076000	302
1486	0.000000		0.078000	302
1487	0.000000		0.076000	303
1488	0.000000		0.076000	303
1489	0.000000		0.076000	303
1490	0.000000		0.076000	303
1491	0.000000		0.076000	303
1492	0.000000		0.076000	304
1493	0.000000		0.076000	304
1494	0.000000		0.074000	304
1495	0.000000		0.076000	304
1496	0.000000		0.076000	304
1497	0.000000		0.076000	305
1498	0.000000		0.076000	305
1499	0.000000		0.076000	305
1500	0.000000		0.076000	305
1501	0.000000		0.076000	305
1502	0.000000		0.076000	306
1503	0.000000		0.076000	306
1504	0.000000		0.076000	306
1505	0.000000		0.076000	306
1506	0.000000		0.076000	307
1507	0.000000		0.076000	307
1508	0.000000		0.076000	307
1509	0.000000		0.076000	307
1510	0.000000		0.076000	307
1511	0.000000		0.076000	308
1512	0.000000		0.076000	308
1513	0.000000		0.076000	308
1514	0.000000		0.076000	308
1515	0.000000		0.076000	308
1516	0.000000		0.076000	309
1517	0.000000		0.076000	309
1518	0.000000		0.076000	309
1519	0.000000		0.076000	309
1520	0.000000		0.076000	309
1521	0.000000		0.076000	310
1522	0.000000		0.076000	310
1523	0.000000		0.076000	310
1524	0.000000		0.076000	310
1525	0.000000		0.076000	310
1526	0.000000		0.076000	311
1527	0.000000		0.076000	311
1528	0.000000		0.076000	311
1529	0.000000		0.076000	311
1530	0.000000		0.076000	311
1531	0.000000		0.076000	312
1532	0.000000		0.074000	312
1533	0.000000		0.076000	312
1534	0.000000		0.074000	312
1535	0.000000		0.076000	312
1536	0.000000		0.074000	313
1537	0.000000		0.076000	313
1538	0.000000		0.074000	313
1539	0.000000		0.076000	313
1540	0.000000		0.074000	313
1541	0.000000		0.076000	314
1542	0.000000		0.074000	314
1543	0.000000		0.076000	314
1544	0.000000		0.074000	314
1545	0.000000		0.076000	314
1546	0.000000		0.074000	315
1547	0.000000		0.076000	315
1548	0.000000		0.074000	315
1549	0.000000		0.076000	315
1550	0.000000		0.076000	315
1551	0.000000		0.076000	316
1552	0.000000		0.076000	316
1553	0.000000		0.076000	316
1554	0.000000		0.076000	316
1555	0.000000		0.076000	316
1556	0.000000		0.076000	317
1557	0.000000		0.076000	317
1558	0.000000		0.076000	317
1559	0.000000		0.076000	317
1560	0.000000		0.076000	317
1561	0.000000		0.076000	318
1562	0.000000		0.076000	318
1563	0.000000		0.076000	318
1564	0.000000		0.076000	318
1565	0.000000		0.076000	319
1566	0.000000		0.076000	319
1567	0.000000		0.076000	319
1568	0.000000		0.076000	319
1569	0.000000		0.076000	319
1570	0.000000		0.076000	320
1571	0.000000		0.076000	320
1572	0.000000		0.076000	320
1573	0.000000		0.076000	320
1574	0.000000		0.076000	320
1575	0.000000		0.078000	321
1576	0.000000		0.076000	321
1577	0.000000		0.078000	321
1578	0.000000		0.076000	321
1579	0.000000		0.078000	321
1580	0.000000		0.076000	322
1581	0.000000		0.078000	322
1582	0.000000		0.076000	322
1583	0.000000		0.078000	322
1584	0.000000		0.076000	322
1585	0.000000		0.078000	323
1586	0.000000		0.078000	323
1587	0.000000		0.078000	323
1588	0.000000		0.078000	323
1589	0.000000		0.078000	323
1590	0.000000		0.076000	324
1591	0.000000		0.078000	324
1592	0.000000		0.076000	324
1593	0.000000		0.078000	324
1594	0.000000		0.076000	324
1595	0.000000		0.078000	325
1596	0.000000		0.076000	325
1597	0.000000		0.078000	325
1598	0.000000		0.078000	325
1599	0.000000		0.078000	325
1600	0.000000		0.076000	326
1601	0.000000		0.076000	326
1602	0.000000		0.076000	326
1603	0.000000		0.074000	326
1604	0.000000		0.076000	326
1605	0.000000		0.074000	327
1606	0.000000		0.076000	327
1607	0.000000		0.074000	327
1608	0.000000		0.076000	327
1609	0.000000		0.074000	327
1610	0.000000		0.076000	328
1611	0.000000		0.074000	328
1612	0.000000		0.076000	328
1613	0.000000		0.074000	328
1614	0.000000		0.076000	328
1615	0.000000		0.074000	329
1616	0.000000		0.076000	329
1617	0.000000		0.074000	329
1618	0.000000		0.076000	329
1619	0.000000		0.074000	329
1620	0.000000		0.076000	330
1621	0.000000		0.074000	330
1622	0.000000		0.076000	330
1623	0.000000		0.074000	330
1624	0.000000		0.076000	330
1625	0.000000		0.074000	331
1626	0.000000		0.076000	331
1627	0.000000		0.074000	331
1628	0.000000		0.076000	331
1629	0.000000		0.074000	332
1630	0.000000		0.076000	332
1631	0.000000		0.076000	332
1632	0.000000		0.076000	332
1633	0.000000		0.074000	332
1634	0.000000		0.076000	333
1635	0.000000		0.076000	333
1636	0.000000		0.078000	333
1637	0.000000		0.078000	333
1638	0.000000		0.078000	333
1639	0.000000		0.078000	334
1640	0.000000		0.078000	334
1641	0.000000		0.076000	334
1642	0.000000		0.078000	334
1643	0.000000		0.076000	334
1644	0.000000		0.076000	335
1645	0.000000		0.076000	335
1646	0.000000		0.076000	335
1647	0.000000		0.076000	335
1648	0.000000		0.076000	335
1649	0.000000		0.076000	336
1650	0.000000		0.076000	336
1651	0.000000		0.078000	336
1652	0.000000		0.076000	336
1653	0.000000		0.078000	336
1654	0.000000		0.076000	337
1655	0.000000		0.076000	337
1656	0.000000		0.076000	337
1657	0.000000		0.076000	337
1658	0.000000		0.076000	337
1659	0.000000		0.076000	338
1660	0.000000		0.076000	338
1661	0.000000		0.076000	338
1662	0.000000		0.076000	338
1663	0.000000		0.076000	338
1664	0.000000		0.076000	339
1665	0.000000		0.076000	339
1666	0.000000		0.076000	339
1667	0.000000		0.076000	339
1668	0.000000		0.076000	339
1669	0.000000		0.076000	340
1670	0.000000		0.076000	340
1671	0.000000		0.076000	340
1672	0.000000		0.076000	340
1673	0.000000		0.076000	340
1674	0.000000		0.076000	341
1675	0.000000		0.076000	341
1676	0.000000		0.076000	341
1677	0.000000		0.076000	341
1678	0.000000		0.076000	341
1679	0.000000		0.076000	342
1680	0.000000		0.076000	342
1681	0.000000		0.076000	342
1682	0.000000		0.076000	342
1683	0.000000		0.076000	342
1684	0.000000		0.076000	343
1685	0.000000		0.076000	343
1686	0.000000		0.076000	343
1687	0.000000		0.076000	343
1688	0.000000		0.076000	344
1689	0.000000		0.078000	344
1690	0.000000		0.076000	344
1691	0.000000		0.078000	344
1692	0.000000		0.076000	344
1693	0.000000		0.076000	345
1694	0.000000		0.076000	345
1695	0.000000		0.076000	345
1696	0.000000		0.076000	345
1697	0.000000		0.076000	345
1698	0.000000		0.076000	346
1699	0.000000		0.076000	346
1700	0.000000		0.076000	346
1701	0.000000		0.076000	346
1702	0.000000		0.076000	346
1703	0.000000		0.076000	347
1704	0.000000		0.076000	347
1705	0.000000		0.076000	347
1706	0.000000		0.076000	347
1707	0.000000		0.076000	347
1708	0.000000		0.076000	348
1709	0.000000		0.076000	348
1710	0.000000		0.076000	348
1711	0.000000		0.076000	348
1712	0.000000		0.076000	348
1713	0.000000		0.076000	349
1714	0.000000		0.076000	349
1715	0.000000		0.076000	349
1716	0.000000		0.076000	349
1717	0.000000		0.076000	349
1718	0.000000		0.076000	350
1719	0.000000		0.076000	350
1720	0.000000		0.076000	350
1721	0.000000		0.076000	350
1722	0.000000		0.076000	350
1723	0.000000		0.076000	351
1724	0.000000		0.076000	351
1725	0.000000		0.076000	351
1726	0.000000		0.076000	351
1727	0.000000		0.076000	351
1728	0.000000		0.076000	352
1729	0.000000		0.076000	352
1730	0.000000		0.076000	352
1731	0.000000		0.076000	352
1732	0.000000		0.076000	352
1733	0.000000		0.076000	353
1734	0.000000		0.076000	353
1735	0.000000		0.078000	353
1736	0.000000		0.076000	353
1737	0.000000		0.076000	353
1738	0.000000		0.076000	354
1739	0.000000		0.076000	354
1740	0.000000		0.076000	354
1741	0.000000		0.078000	354
1742	0.000000		0.076000	354
1743	0.000000		0.078000	355
1744	0.000000		0.076000	355
1745	0.000000		0.078000	355
1746	0.000000		0.076000	355
1747	0.000000		0.078000	356
1748	0.000000		0.076000	356
1749	0.000000		0.078000	356
1750	0.000000		0.076000	356
1751	0.000000		0.078000	356
1752	0.000000		0.076000	357
1753	0.000000		0.078000	357
1754	0.000000		0.076000	357
1755	0.000000		0.078000	357
1756	0.000000		0.076000	357
1757	0.000000		0.078000	358
1758	0.000000		0.076000	358
1759	0.000000		0.078000	358
1760	0.000000		0.076000	358
1761	0.000000		0.076000	358
1762	0.000000		0.076000	359
1763	0.000000		0.078000	359
1764	0.000000		0.076000	359
1765	0.000000		0.078000	359
1766	0.000000		0.076000	359
1767	0.000000		0.076000	360
1768	0.000000		0.076000	360
1769	0.000000		0.076000	360
1770	0.000000		0.076000	360
1771	0.000000		0.076000	360
1772	0.000000		0.076000	361
1773	0.000000		0.076000	361
1774	0.000000		0.076000	361
1775	0.000000		0.076000	361
1776	0.000000		0.076000	361
1777	0.000000		0.076000	362
1778	0.000000		0.076000	362
1779	0.000000		0.076000	362
1780	0.000000		0.076000	362
1781	0.000000		0.076000	362
1782	0.000000		0.076000	363
1783	0.000000		0.076000	363
1784	0.000000		0.076000	363
1785	0.000000		0.076000	363
1786	0.000000		0.076000	363
1787	0.000000		0.076000	364
1788	0.000000		0.076000	364
1789	0.000000		0.076000	364
1790	0.000000		0.076000	364
1791	0.000000		0.076000	364
1792	0.000000		0.076000	365
1793	0.000000		0.076000	365
1794	0.000000		0.076000	365
1795	0.000000		0.076000	365
1796	0.000000		0.076000	365
1797	0.000000		0.076000	366
1798	0.000000		0.076000	366
1799	0.000000		0.076000	366
1800	0.000000		0.076000	366
1801	0.000000		0.076000	366
1802	0.000000		0.076000	367
1803	0.000000		0.076000	367
1804	0.000000		0.076000	367
1805	0.000000		0.076000	367
1806	0.000000		0.076000	367
1807	0.000000		0.076000	368
1808	0.000000		0.076000	368
1809	0.000000		0.076000	368
1810	0.000000		0.076000	368
1811	0.000000		0.076000	369
1812	0.000000		0.076000	369
1813	0.000000		0.076000	369
1814	0.000000		0.076000	369
1815	0.000000		0.076000	369
1816	0.000000		0.076000	370
1817	0.000000		0.076000	370
1818	0.000000		0.076000	370
1819	0.000000		0.076000	370
1820	0.000000		0.076000	370
1821	0.000000		0.076000	371
1822	0.000000		0.076000	371
1823	0.000000		0.076000	371
1824	0.000000		0.076000	371
1825	0.000000		0.076000	371
1826	0.000000		0.076000	372
1827	0.000000		0.076000	372
1828	0.000000		0.076000	372
1829	0.000000		0.076000	372
1830	0.000000		0.076000	372
1831	0.000000		0.076000	373
1832	0.000000		0.076000	373
1833	0.000000		0.076000	373
1834	0.000000		0.076000	373
1835	0.000000		0.076000	373
1836	0.000000		0.076000	374
1837	0.000000		0.076000	374
1838	0.000000		0.076000	374
1839	0.000000		0.076000	374
1840	0.000000		0.076000	374
1841	0.000000		0.076000	375
1842	0.000000		0.076000	375
1843	0.000000		0.076000	375
1844	0.000000		0.076000	375
1845	0.000000		0.076000	375
1846	0.000000		0.076000	376
1847	0.000000		0.076000	376
1848	0.000000		0.076000	376
1849	0.000000		0.076000	376
1850	0.000000		0.076000	376
1851	0.000000		0.076000	377
1852	0.000000		0.076000	377
1853	0.000000		0.076000	377
1854	0.000000		0.076000	377
1855	0.000000		0.076000	377
1856	0.000000		0.076000	378
1857	0.000000		0.076000	378
1858	0.000000		0.076000	378
1859	0.000000		0.076000	378
1860	0.000000		0.076000	378
1861	0.000000		0.076000	379
1862	0.000000		0.076000	379
1863	0.000000		0.076000	379
1864	0.000000		0.076000	379
1865	0.000000		0.076000	379
1866	0.000000		0.074000	380
1867	0.000000		0.074000	380
1868	0.000000		0.074000	380
1869	0.000000		0.074000	380
1870	0.000000		0.074000	380
1871	0.000000		0.074000	381
1872	0.000000		0.074000	381
1873	0.000000		0.074000	381
1874	0.000000		0.074000	381
1875	0.000000		0.074000	382
1876	0.000000		0.074000	382
1877	0.000000		0.074000	382
1878	0.000000		0.074000	382
1879	0.000000		0.074000	382
1880	0.000000		0.074000	383
1881	0.000000		0.074000	383
1882	0.000000		0.074000	383
1883	0.000000		0.074000	383
1884	0.000000		0.074000	383
1885	0.000000		0.074000	384
1886	0.000000		0.074000	384
1887	0.000000		0.074000	384
1888	0.000000		0.074000	384
1889	0.000000		0.074000	384
1890	0.000000		0.074000	385
1891	0.000000		0.074000	385
1892	0.000000		0.074000	385
1893	0.000000		0.074000	385
1894	0.000000		0.074000	385
1895	0.000000		0.074000	386
1896	0.000000		0.074000	386
1897	0.000000		0.074000	386
1898	0.000000		0.074000	386
1899	0.000000		0.074000	386
1900	0.000000		0.074000	387
1901	0.000000		0.074000	387
1902	0.000000		0.074000	387
1903	0.000000		0.074000	387
1904	0.000000		0.074000	387
1905	0.000000		0.074000	388
1906	0.000000		0.074000	388
1907	0.000000		0.074000	388
1908	0.000000		0.074000	388
1909	0.000000		0.074000	388
1910	0.000000		0.074000	389
1911	0.000000		0.074000	389
1912	0.000000		0.074000	389
1913	0.000000		0.074000	389
1914	0.000000		0.074000	389
1915	0.000000		0.074000	390
1916	0.000000		0.074000	390
1917	0.000000		0.074000	390
1918	0.000000		0.074000	390
1919	0.000000		0.074000	390
1920	0.000000		0.074000	391
1921	0.000000		0.074000	391
1922	0.000000		0.074000	391
1923	0.000000		0.074000	391
1924	0.000000		0.074000	391
1925	0.000000		0.074000	392
1926	0.000000		0.074000	392
1927	0.000000		0.074000	392
1928	0.000000		0.074000	392
1929	0.000000		0.074000	392
1930	0.000000		0.074000	393
1931	0.000000		0.074000	393
1932	0.000000		0.074000	393
1933	0.000000		0.074000	393
1934	0.000000		0.074000	394
1935	0.000000		0.074000	394
1936	0.000000		0.074000	394
1937	0.000000		0.074000	394
1938	0.000000		0.074000	394
1939	0.000000		0.074000	395
1940	0.000000		0.074000	395
1941	0.000000		0.074000	395
1942	0.000000		0.074000	395
1943	0.000000		0.074000	395
1944	0.000000		0.074000	396
1945	0.000000		0.074000	396
1946	0.000000		0.074000	396
1947	0.000000		0.074000	396
1948	0.000000		0.074000	396
1949	0.000000		0.074000	397
1950	0.000000		0.074000	397
1951	0.000000		0.074000	397
1952	0.000000		0.074000	397
1953	0.000000		0.074000	397
1954	0.000000		0.074000	398
1955	0.000000		0.074000	398
1956	0.000000		0.074000	398
1957	0.000000		0.074000	398
1958	0.000000		0.074000	398
1959	0.000000		0.074000	399
1960	0.000000		0.074000	399
1961	0.000000		0.074000	399
1962	0.000000		0.074000	399
1963	0.000000		0.074000	399
1964	0.000000		0.074000	400
1965	0.000000		0.074000	400
1966	0.000000		0.074000	400
1967	0.000000		0.074000	400
1968	0.000000		0.074000	400
1969	0.000000		0.074000	401
1970	0.000000		0.074000	401
1971	0.000000		0.074000	401
1972	0.000000		0.074000	401
1973	0.000000		0.074000	401
1974	0.000000		0.074000	402
1975	0.000000		0.074000	402
1976	0.000000		0.074000	402
1977	0.000000		0.074000	402
1978	0.000000		0.074000	402
1979	0.000000		0.074000	403
1980	0.000000		0.074000	403
1981	0.000000		0.074000	403
1982	0.000000		0.074000	403
1983	0.000000		0.074000	403
1984	0.000000		0.074000	404
1985	0.000000		0.074000	404
1986	0.000000		0.074000	404
1987	0.000000		0.074000	404
1988	0.000000		0.074000	404
1989	0.000000		0.074000	405
1990	0.000000		0.074000	405
1991	0.000000		0.074000	405
1992	0.000000		0.074000	405
1993	0.000000		0.074000	405
1994	0.000000		0.074000	406
1995	0.000000		0.074000	406
1996	0.000000		0.074000	406
1997	0.000000		0.074000	406
1998	0.000000		0.074000	407
1999	0.000000		0.074000	407
2000	0.000000		0.074000	407
2001	0.000000		0.076000	407
2002	0.000000		0.076000	407
2003	0.000000		0.076000	408
2004	0.000000		0.076000	408
2005	0.000000		0.076000	408
2006	0.000000		0.076000	408
2007	0.000000		0.076000	408
2008	0.000000		0.076000	409
2009	0.000000		0.076000	409
2010	0.000000		0.076000	409
2011	0.000000		0.076000	409
2012	0.000000		0.076000	409
2013	0.000000		0.076000	410
2014	0.000000		0.076000	410
2015	0.000000		0.076000	410
2016	0.000000		0.076000	410
2017	0.000000		0.076000	410
2018	0.000000		0.076000	411
2019	0.000000		0.076000	411
2020	0.000000		0.076000	411
2021	0.000000		0.076000	411
2022	0.000000		0.076000	411
2023	0.000000		0.076000	412
2024	0.000000		0.076000	412
2025	0.000000		0.076000	412
2026	0.000000		0.076000	412
2027	0.000000		0.076000	412
2028	0.000000		0.076000	413
2029	0.000000		0.076000	413
2030	0.000000		0.076000	413
2031	0.000000		0.076000	413
2032	0.000000		0.076000	413
2033	0.000000		0.076000	414
2034	0.000000		0.076000	414
2035	0.000000		0.076000	414
2036	0.000000		0.076000	414
2037	0.000000		0.076000	414
2038	0.000000		0.076000	415
2039	0.000000		0.076000	415
2040	0.000000		0.076000	415
2041	0.000000		0.076000	415
2042	0.000000		0.076000	415
2043	0.000000		0.076000	416
2044	0.000000		0.076000	416
2045	0.000000		0.076000	416
2046	0.000000		0.076000	416
2047	0.000000		0.076000	416
2048	0.000000		0.076000	417
2049	0.000000		0.076000	417
2050	0.000000		0.076000	417
2051	0.000000		0.076000	417
2052	0.000000		0.076000	417
2053	0.000000		0.076000	418
2054	0.000000		0.076000	418
2055	0.000000		0.076000	418
2056	0.000000		0.076000	418
2057	0.000000		0.076000	419
2058	0.000000		0.076000	419
2059	0.000000		0.076000	419
2060	0.000000		0.076000	419
2061	0.000000		0.076000	419
2062	0.000000		0.076000	420
2063	0.000000		0.076000	420
2064	0.000000		0.076000	420
2065	0.000000		0.076000	420
2066	0.000000		0.076000	420
2067	0.000000		0.076000	421
2068	0.000000		0.076000	421
2069	0.000000		0.076000	421
2070	0.000000		0.074000	421
2071	0.000000		0.074000	421
2072	0.000000		0.074000	422
2073	0.000000		0.074000	422
2074	0.000000		0.074000	422
2075	0.000000		0.074000	422
2076	0.000000		0.074000	422
2077	0.000000		0.074000	423
2078	0.000000		0.074000	423
2079	0.000000		0.074000	423
2080	0.000000		0.074000	423
2081	0.000000		0.074000	423
2082	0.000000		0.072000	424
2083	0.000000		0.074000	424
2084	0.000000		0.072000	424
2085	0.000000		0.074000	424
2086	0.000000		0.072000	424
2087	0.000000		0.072000	425
2088	0.000000		0.072000	425
2089	0.000000		0.072000	425
2090	0.000000		0.072000	425
2091	0.000000		0.072000	425
2092	0.000000		0.072000	426
2093	0.000000		0.072000	426
2094	0.000000		0.072000	426
2095	0.000000		0.072000	426
2096	0.000000		0.072000	426
2097	0.000000		0.072000	427
2098	0.000000		0.072000	427
2099	0.000000		0.072000	427
2100	0.000000		0.072000	427
2101	0.000000		0.072000	427
2102	0.000000		0.072000	428
2103	0.000000		0.072000	428
2104	0.000000		0.072000	428
2105	0.000000		0.072000	428
2106	0.000000		0.072000	428
2107	0.000000		0.074000	429
2108	0.000000		0.074000	429
2109	0.000000		0.074000	429
2110	0.000000		0.074000	429
2111	0.000000		0.074000	429
2112	0.000000		0.074000	430
2113	0.000000		0.074000	430
2114	0.000000		0.074000	430
2115	0.000000		0.074000	430
2116	0.000000		0.074000	431
2117	0.000000		0.074000	431
2118	0.000000		0.074000	431
2119	0.000000		0.074000	431
2120	0.000000		0.074000	431
2121	0.000000		0.074000	432
2122	0.000000		0.074000	432
2123	0.000000		0.074000	432
2124	0.000000		0.074000	432
2125	0.000000		0.074000	432
2126	0.000000		0.074000	433
2127	0.000000		0.074000	433
2128	0.000000		0.074000	433
2129	0.000000		0.074000	433
2130	0.000000		0.074000	433
2131	0.000000		0.074000	434
2132	0.000000		0.074000	434
2133	0.000000		0.074000	434
2134	0.000000		0.074000	434
2135	0.000000		0.074000	434
2136	0.000000		0.074000	435
2137	0.000000		0.074000	435
2138	0.000000		0.074000	435
2139	0.000000		0.074000	435
2140	0.000000		0.074000	435
2141	0.000000		0.074000	436
2142	0.000000		0.074000	436
2143	0.000000		0.074000	436
2144	0.000000		0.074000	436
2145	0.000000		0.076000	436
2146	0.000000		0.074000	437
2147	0.000000		0.076000	437
2148	0.000000		0.074000	437
2149	0.000000		0.076000	437
2150	0.000000		0.074000	437
2151	0.000000		0.076000	438
2152	0.000000		0.076000	438
2153	0.000000		0.076000	438
2154	0.000000		0.076000	438
2155	0.000000		0.076000	438
2156	0.000000		0.076000	439
2157	0.000000		0.076000	439
2158	0.000000		0.076000	439
2159	0.000000		0.076000	439
2160	0.000000		0.076000	439
2161	0.000000		0.074000	440
2162	0.000000		0.076000	440
2163	0.000000		0.074000	440
2164	0.000000		0.074000	440
2165	0.000000		0.074000	440
2166	0.000000		0.074000	441
2167	0.000000		0.074000	441
2168	0.000000		0.074000	441
2169	0.000000		0.076000	441
2170	0.000000		0.074000	441
2171	0.000000		0.076000	442
2172	0.000000		0.074000	442
2173	0.000000		0.076000	442
2174	0.000000		0.074000	442
2175	0.000000		0.076000	443
2176	0.000000		0.074000	443
2177	0.000000		0.074000	443
2178	0.000000		0.074000	443
2179	0.000000		0.074000	443
2180	0.000000		0.076000	444
2181	0.000000		0.074000	444
2182	0.000000		0.074000	444
2183	0.000000		0.074000	444
2184	0.000000		0.076000	444
2185	0.000000		0.074000	445
2186	0.000000		0.076000	445
2187	0.000000		0.074000	445
2188	0.000000		0.078000	445
2189	0.000000		0.076000	445
2190	0.000000		0.078000	446
2191	0.000000		0.076000	446
2192	0.000000		0.078000	446
2193	0.000000		0.076000	446
2194	0.000000		0.078000	446
2195	0.000000		0.076000	447
2196	0.000000		0.078000	447
2197	0.000000		0.076000	447
2198	0.000000		0.078000	447
2199	0.000000		0.078000	447
2200	0.000000		0.078000	448
2201	0.000000		0.078000	448
2202	0.000000		0.078000	448
2203	0.000000		0.076000	448
2204	0.000000		0.078000	448
2205	0.000000		0.076000	449
2206	0.000000		0.078000	449
2207	0.000000		0.076000	449
2208	0.000000		0.078000	449
2209	0.000000		0.078000	449
2210	0.000000		0.078000	450
2211	0.000000		0.078000	450
2212	0.000000		0.080000	450
2213	0.000000		0.078000	450
2214	0.000000		0.080000	450
2215	0.000000		0.078000	451
2216	0.000000		0.080000	451
2217	0.000000		0.078000	451
2218	0.000000		0.080000	451
2219	0.000000		0.078000	451
2220	0.000000		0.080000	452
2221	0.000000		0.078000	452
2222	0.000000		0.080000	452
2223	0.000000		0.078000	452
2224	0.000000		0.080000	452
2225	0.000000		0.078000	453
2226	0.000000		0.080000	453
2227	0.000000		0.078000	453
2228	0.000000		0.080000	453
2229	0.000000		0.078000	453
2230	0.000000		0.080000	454
2231	0.000000		0.078000	454
2232	0.000000		0.080000	454
2233	0.000000		0.078000	454
2234	0.000000		0.080000	454
2235	0.000000		0.078000	455
2236	0.000000		0.080000	455
2237	0.000000		0.078000	455
2238	0.000000		0.080000	455
2239	0.000000		0.080000	456
2240	0.000000		0.080000	456
2241	0.000000		0.080000	456
2242	0.000000		0.080000	456
2243	0.000000		0.080000	456
2244	0.000000		0.080000	457
2245	0.000000		0.080000	457
2246	0.000000		0.080000	457
2247	0.000000		0.080000	457
2248	0.000000		0.080000	457
2249	0.000000		0.080000	458
2250	0.000000		0.080000	458
2251	0.000000		0.080000	458
2252	0.000000		0.080000	458
2253	0.000000		0.080000	458
2254	0.000000		0.080000	459
2255	0.000000		0.080000	459
2256	0.000000		0.080000	459
2257	0.000000		0.080000	459
2258	0.000000		0.080000	459
2259	0.000000		0.080000	460
2260	0.000000		0.080000	460
2261	0.000000		0.078000	460
2262	0.000000		0.080000	460
2263	0.000000		0.080000	460
2264	0.000000		0.080000	461
2265	0.000000		0.080000	461
2266	0.000000		0.080000	461
2267	0.000000		0.080000	461
2268	0.000000		0.080000	461
2269	0.000000		0.080000	462
2270	0.000000		0.080000	462
2271	0.000000		0.080000	462
2272	0.000000		0.080000	462
2273	0.000000		0.080000	462
2274	0.000000		0.080000	463
2275	0.000000		0.080000	463
2276	0.000000		0.080000	463
2277	0.000000		0.080000	463
2278	0.000000		0.080000	463
2279	0.000000		0.080000	464
2280	0.000000		0.080000	464
2281	0.000000		0.080000	464
2282	0.000000		0.080000	464
2283	0.000000		0.080000	464
2284	0.000000		0.080000	465
2285	0.000000		0.080000	465
2286	0.000000		0.080000	465
2287	0.000000		0.080000	465
2288	0.000000		0.080000	465
2289	0.000000		0.080000	466
2290	0.000000		0.080000	466
2291	0.000000		0.080000	466
2292	0.000000		0.080000	466
2293	0.000000		0.080000	466
2294	0.000000		0.080000	467
2295	0.000000		0.080000	467
2296	0.000000		0.080000	467
2297	0.000000		0.080000	467
2298	0.000000		0.080000	468
2299	0.000000		0.080000	468
2300	0.000000		0.080000	468
2301	0.000000		0.080000	468
2302	0.000000		0.080000	468
2303	0.000000		0.078000	469
2304	0.000000		0.080000	469
2305	0.000000		0.078000	469
2306	0.000000		0.080000	469
2307	0.000000		0.078000	469
2308	0.000000		0.078000	470
2309	0.000000		0.078000	470
2310	0.000000		0.078000	470
2311	0.000000		0.078000	470
2312	0.000000		0.078000	470
2313	0.000000		0.078000	471
2314	0.000000		0.078000	471
2315	0.000000		0.078000	471
2316	0.000000		0.078000	471
2317	0.000000		0.078000	471
2318	0.000000		0.080000	472
2319	0.000000		0.078000	472
2320	0.000000		0.080000	472
2321	0.000000		0.078000	472
2322	0.000000		0.080000	472
2323	0.000000		0.080000	473
2324	0.000000		0.080000	473
2325	0.000000		0.080000	473
2326	0.000000		0.080000	473
2327	0.000000		0.080000	473
2328	0.000000		0.080000	474
2329	0.000000		0.080000	474
2330	0.000000		0.080000	474
2331	0.000000		0.080000	474
2332	0.000000		0.080000	474
2333	0.000000		0.080000	475
2334	0.000000		0.080000	475
2335	0.000000		0.080000	475
2336	0.000000		0.080000	475
2337	0.000000		0.080000	475
2338	0.000000		0.080000	476
2339	0.000000		0.080000	476
2340	0.000000		0.080000	476
2341	0.000000		0.080000	476
2342	0.000000		0.080000	476
2343	0.000000		0.080000	477
2344	0.000000		0.080000	477
2345	0.000000		0.080000	477
2346	0.000000		0.080000	477
2347	0.000000		0.080000	477
2348	0.000000		0.080000	478
2349	0.000000		0.080000	478
2350	0.000000		0.080000	478
2351	0.000000		0.078000	478
2352	0.000000		0.078000	478
2353	0.000000		0.078000	479
2354	0.000000		0.078000	479
2355	0.000000		0.078000	479
2356	0.000000		0.078000	479
2357	0.000000		0.078000	479
2358	0.000000		0.078000	480
2359	0.000000		0.078000	480
2360	0.000000		0.078000	480
2361	0.000000		0.078000	480
2362	0.000000		0.078000	481
2363	0.000000		0.078000	481
2364	0.000000		0.078000	481
2365	0.000000		0.078000	481
2366	0.000000		0.078000	481
2367	0.000000		0.078000	482
2368	0.000000		0.076000	482
2369	0.000000		0.076000	482
2370	0.000000		0.076000	482
2371	0.000000		0.078000	482
2372	0.000000		0.078000	483
2373	0.000000		0.078000	483
2374	0.000000		0.080000	483
2375	0.000000		0.080000	483
2376	0.000000		0.080000	483
2377	0.000000		0.080000	484
2378	0.000000		0.080000	484
2379	0.000000		0.080000	484
2380	0.000000		0.080000	484
2381	0.000000		0.078000	484
2382	0.000000		0.078000	485
2383	0.000000		0.078000	485
2384	0.000000		0.078000	485
2385	0.000000		0.078000	485
2386	0.000000		0.080000	485
2387	0.000000		0.080000	486
2388	0.000000		0.080000	486
2389	0.000000		0.080000	486
2390	0.000000		0.080000	486
2391	0.000000		0.080000	486
2392	0.000000		0.080000	487
2393	0.000000		0.078000	487
2394	0.000000		0.078000	487
2395	0.000000		0.078000	487
2396	0.000000		0.078000	487
2397	0.000000		0.078000	488
2398	0.000000		0.078000	488
2399	0.000000		0.078000	488
2400	0.000000		0.078000	488
2401	0.000000		0.078000	488
2402	0.000000		0.078000	489
2403	0.000000		0.078000	489
2404	0.000000		0.078000	489
2405	0.000000		0.078000	489
2406	0.000000		0.078000	489
2407	0.000000		0.078000	490
2408	0.000000		0.078000	490
2409	0.000000		0.078000	490
2410	0.000000		0.078000	490
2411	0.000000		0.078000	490
2412	0.000000		0.078000	491
2413	0.000000		0.078000	491
2414	0.000000		0.078000	491
2415	0.000000		0.078000	491
2416	0.000000		0.080000	491
2417	0.000000		0.078000	492
2418	0.000000		0.080000	492
2419	0.000000		0.078000	492
2420	0.000000		0.078000	492
2421	0.000000		0.078000	492
2422	0.000000		0.078000	493
2423	0.000000		0.078000	493
2424	0.000000		0.080000	493
2425	0.000000		0.078000	493
2426	0.000000		0.080000	494
2427	0.000000		0.078000	494
2428	0.000000		0.080000	494
2429	0.000000		0.078000	494
2430	0.000000		0.080000	494
2431	0.000000		0.078000	495
2432	0.000000		0.080000	495
2433	0.000000		0.078000	495
2434	0.000000		0.080000	495
2435	0.000000		0.078000	495
2436	0.000000		0.080000	496
2437	0.000000		0.078000	496
2438	0.000000		0.080000	496
2439	0.000000		0.078000	496
2440	0.000000		0.080000	496
2441	0.000000		0.078000	497
2442	0.000000		0.080000	497
2443	0.000000		0.078000	497
2444	0.000000		0.080000	497
2445	0.000000		0.080000	497
2446	0.000000		0.080000	498
2447	0.000000		0.080000	498
2448	0.000000		0.080000	498
2449	0.000000		0.080000	498
2450	0.000000		0.080000	498
2451	0.000000		0.080000	499
2452	0.000000		0.080000	499
2453	0.000000		0.080000	499
2454	0.000000		0.080000	499
2455	0.000000		0.080000	499
2456	0.000000		0.080000	500
2457	0.000000		0.080000	500
2458	0.000000		0.080000	500
2459	0.000000		0.080000	500
2460	0.000000		0.080000	500
2461	0.000000		0.080000	501
2462	0.000000		0.080000	501
2463	0.000000		0.080000	501
2464	0.000000		0.080000	501
2465	0.000000		0.080000	501
2466	0.000000		0.080000	502
2467	0.000000		0.080000	502
2468	0.000000		0.080000	502
2469	0.000000		0.080000	502
2470	0.000000		0.080000	502
2471	0.000000		0.080000	503
2472	0.000000		0.080000	503
2473	0.000000		0.080000	503
2474	0.000000		0.080000	503
2475	0.000000		0.080000	503
2476	0.000000		0.080000	504
2477	0.000000		0.080000	504
2478	0.000000		0.080000	504
2479	0.000000		0.080000	504
2480	0.000000		0.080000	504
2481	0.000000		0.078000	505
2482	0.000000		0.080000	505
2483	0.000000		0.078000	505
2484	0.000000		0.080000	505
2485	0.000000		0.078000	506
2486	0.000000		0.080000	506
2487	0.000000		0.078000	506
2488	0.000000		0.080000	506
2489	0.000000		0.078000	506
2490	0.000000		0.080000	507
2491	0.000000		0.078000	507
2492	0.000000		0.080000	507
2493	0.000000		0.078000	507
2494	0.000000		0.080000	507
2495	0.000000		0.078000	508
2496	0.000000		0.078000	508
2497	0.000000		0.078000	508
2498	0.000000		0.078000	508
2499	0.000000		0.078000	508
2500	0.000000		0.078000	509
2501	0.000000		0.078000	509
2502	0.000000		0.078000	509
2503	0.000000		0.078000	509
2504	0.000000		0.078000	509
2505	0.000000		0.078000	510
2506	0.000000		0.078000	510
2507	0.000000		0.078000	510
2508	0.000000		0.078000	510
2509	0.000000		0.078000	510
2510	0.000000		0.080000	511
2511	0.000000		0.078000	511
2512	0.000000		0.078000	511
2513	0.000000		0.078000	511
2514	0.000000		0.078000	511
2515	0.000000		0.078000	512
2516	0.000000		0.078000	512
2517	0.000000		0.078000	512
2518	0.000000		0.078000	512
2519	0.000000		0.078000	512
2520	0.000000		0.078000	513
2521	0.000000		0.078000	513
2522	0.000000		0.078000	513
2523	0.000000		0.078000	513
2524	0.000000		0.078000	513
2525	0.000000		0.078000	514
2526	0.000000		0.078000	514
2527	0.000000		0.078000	514
2528	0.000000		0.078000	514
2529	0.000000		0.078000	514
2530	0.000000		0.078000	515
2531	0.000000		0.078000	515
2532	0.000000		0.078000	515
2533	0.000000		0.078000	515
2534	0.000000		0.078000	515
2535	0.000000		0.078000	516
2536	0.000000		0.078000	516
2537	0.000000		0.078000	516
2538	0.000000		0.078000	516
2539	0.000000		0.078000	516
2540	0.000000		0.078000	517
2541	0.000000		0.078000	517
2542	0.000000		0.078000	517
2543	0.000000		0.078000	517
2544	0.000000		0.078000	517
2545	0.000000		0.078000	518
2546	0.000000		0.078000	518
2547	0.000000		0.078000	518
2548	0.000000		0.078000	518
2549	0.000000		0.078000	519
2550	0.000000		0.078000	519
2551	0.000000		0.078000	519
2552	0.000000		0.078000	519
2553	0.000000		0.078000	519
2554	0.000000		0.078000	520
2555	0.000000		0.078000	520
2556	0.000000		0.078000	520
2557	0.000000		0.080000	520
2558	0.000000		0.078000	520
2559	0.000000		0.078000	521
2560	0.000000		0.078000	521
2561	0.000000		0.078000	521
2562	0.000000		0.078000	521
2563	0.000000		0.078000	521
2564	0.000000		0.078000	522
2565	0.000000		0.078000	522
2566	0.000000		0.078000	522
2567	0.000000		0.080000	522
2568	0.000000		0.078000	522
2569	0.000000		0.078000	523
2570	0.000000		0.078000	523
2571	0.000000		0.078000	523
2572	0.000000		0.078000	523
2573	0.000000		0.078000	523
2574	0.000000		0.078000	524
2575	0.000000		0.078000	524
2576	0.000000		0.080000	524
2577	0.000000		0.080000	524
2578	0.000000		0.080000	524
2579	0.000000		0.080000	525
2580	0.000000		0.080000	525
2581	0.000000		0.080000	525
2582	0.000000		0.080000	525
2583	0.000000		0.080000	525
2584	0.000000		0.080000	526
2585	0.000000		0.080000	526
2586	0.000000		0.080000	526
2587	0.000000		0.080000	526
2588	0.000000		0.080000	526
2589	0.000000		0.080000	527
2590	0.000000		0.080000	527
2591	0.000000		0.080000	527
2592	0.000000		0.080000	527
2593	0.000000		0.080000	527
2594	0.000000		0.080000	528
2595	0.000000		0.080000	528
2596	0.000000		0.080000	528
2597	0.000000		0.080000	528
2598	0.000000		0.080000	528
2599	0.000000		0.080000	529
2600	0.000000		0.080000	529
2601	0.000000		0.080000	529
2602	0.000000		0.080000	529
2603	0.000000		0.080000	529
2604	0.000000		0.080000	530
2605	0.000000		0.080000	530
2606	0.000000		0.080000	530
2607	0.000000		0.078000	530
2608	0.000000		0.078000	531
2609	0.000000		0.078000	531
2610	0.000000		0.078000	531
2611	0.000000		0.080000	531
2612	0.000000		0.078000	531
2613	0.000000		0.080000	532
2614	0.000000		0.080000	532
2615	0.000000		0.080000	532
2616	0.000000		0.078000	532
2617	0.000000		0.078000	532
2618	0.000000		0.078000	533
2619	0.000000		0.078000	533
2620	0.000000		0.078000	533
2621	0.000000		0.078000	533
2622	0.000000		0.078000	533
2623	0.000000		0.078000	534
2624	0.000000		0.078000	534
2625	0.000000		0.078000	534
2626	0.000000		0.078000	534
2627	0.000000		0.078000	534
2628	0.000000		0.078000	535
2629	0.000000		0.078000	535
2630	0.000000		0.078000	535
2631	0.000000		0.078000	535
2632	0.000000		0.078000	535
2633	0.000000		0.078000	536
2634	0.000000		0.078000	536
2635	0.000000		0.078000	536
2636	0.000000		0.078000	536
2637	0.000000		0.078000	536
2638	0.000000		0.078000	537
2639	0.000000		0.078000	537
2640	0.000000		0.078000	537
2641	0.000000		0.078000	537
2642	0.000000		0.078000	537
2643	0.000000		0.078000	538
2644	0.000000		0.078000	538
2645	0.000000		0.078000	538
2646	0.000000		0.078000	538
2647	0.000000		0.078000	538
2648	0.000000		0.078000	539
2649	0.000000		0.078000	539
2650	0.000000		0.078000	539
2651	0.000000		0.078000	539
2652	0.000000		0.078000	539
2653	0.000000		0.080000	540
2654	0.000000		0.078000	540
2655	0.000000		0.080000	540
2656	0.000000		0.078000	540
2657	0.000000		0.080000	540
2658	0.000000		0.078000	541
2659	0.000000		0.080000	541
2660	0.000000		0.078000	541
2661	0.000000		0.080000	541
2662	0.000000		0.078000	541
2663	0.000000		0.080000	542
2664	0.000000		0.078000	542
2665	0.000000		0.078000	542
2666	0.000000		0.078000	542
2667	0.000000		0.078000	542
2668	0.000000		0.078000	543
2669	0.000000		0.078000	543
2670	0.000000		0.078000	543
2671	0.000000		0.078000	543
2672	0.000000		0.078000	544
2673	0.000000		0.078000	544
2674	0.000000		0.078000	544
2675	0.000000		0.078000	544
2676	0.000000		0.078000	544
2677	0.000000		0.078000	545
2678	0.000000		0.078000	545
2679	0.000000		0.078000	545
2680	0.000000		0.078000	545
2681	0.000000		0.078000	545
2682	0.000000		0.078000	546
2683	0.000000		0.078000	546
2684	0.000000		0.078000	546
2685	0.000000		0.078000	546
2686	0.000000		0.078000	546
2687	0.000000		0.080000	547
2688	0.000000		0.078000	547
2689	0.000000		0.080000	547
2690	0.000000		0.078000	547
2691	0.000000		0.078000	547
2692	0.000000		0.078000	548
2693	0.000000		0.078000	548
2694	0.000000		0.078000	548
2695	0.000000		0.078000	548
2696	0.000000		0.078000	548
2697	0.000000		0.078000	549
2698	0.000000		0.078000	549
2699	0.000000		0.078000	549
2700	0.000000		0.080000	549
2701	0.000000		0.078000	549
2702	0.000000		0.080000	550
2703	0.000000		0.078000	550
2704	0.000000		0.080000	550
2705	0.000000		0.078000	550
2706	0.000000		0.080000	550
2707	0.000000		0.078000	551
2708	0.000000		0.080000	551
2709	0.000000		0.080000	551
2710	0.000000		0.080000	551
2711	0.000000		0.080000	551
2712	0.000000		0.080000	552
2713	0.000000		0.080000	552
2714	0.000000		0.080000	552
2715	0.000000		0.080000	552
2716	0.000000		0.080000	552
2717	0.000000		0.080000	553
2718	0.000000		0.080000	553
2719	0.000000		0.080000	553
2720	0.000000		0.080000	553
2721	0.000000		0.080000	553
2722	0.000000		0.080000	554
2723	0.000000		0.080000	554
2724	0.000000		0.080000	554
2725	0.000000		0.080000	554
2726	0.000000		0.080000	554
2727	0.000000		0.080000	555
2728	0.000000		0.080000	555
2729	0.000000		0.080000	555
2730	0.000000		0.080000	555
2731	0.000000		0.080000	556
2732	0.000000		0.080000	556
2733	0.000000		0.080000	556
2734	0.000000		0.080000	556
2735	0.000000		0.080000	556
2736	0.000000		0.080000	557
2737	0.000000		0.080000	557
2738	0.000000		0.080000	557
2739	0.000000		0.080000	557
2740	0.000000		0.080000	557
2741	0.000000		0.080000	558
2742	0.000000		0.080000	558
2743	0.000000		0.080000	558
2744	0.000000		0.078000	558
2745	0.000000		0.080000	558
2746	0.000000		0.080000	559
2747	0.000000		0.080000	559
2748	0.000000		0.080000	559
2749	0.000000		0.078000	559
2750	0.000000		0.080000	559
2751	0.000000		0.078000	560
2752	0.000000		0.078000	560
2753	0.000000		0.078000	560
2754	0.000000		0.080000	560
2755	0.000000		0.078000	560
2756	0.000000		0.080000	561
2757	0.000000		0.078000	561
2758	0.000000		0.078000	561
2759	0.000000		0.078000	561
2760	0.000000		0.078000	561
2761	0.000000		0.078000	562
2762	0.000000		0.078000	562
2763	0.000000		0.078000	562
2764	0.000000		0.080000	562
2765	0.000000		0.078000	562
2766	0.000000		0.080000	563
2767	0.000000		0.078000	563
2768	0.000000		0.080000	563
2769	0.000000		0.078000	563
2770	0.000000		0.080000	563
2771	0.000000		0.078000	564
2772	0.000000		0.080000	564
2773	0.000000		0.078000	564
2774	0.000000		0.080000	564
2775	0.000000		0.078000	564
2776	0.000000		0.080000	565
2777	0.000000		0.078000	565
2778	0.000000		0.080000	565
2779	0.000000		0.078000	565
2780	0.000000		0.080000	565
2781	0.000000		0.078000	566
2782	0.000000		0.080000	566
2783	0.000000		0.078000	566
2784	0.000000		0.080000	566
2785	0.000000		0.078000	566
2786	0.000000		0.080000	567
2787	0.000000		0.078000	567
2788	0.000000		0.080000	567
2789	0.000000		0.078000	567
2790	0.000000		0.080000	567
2791	0.000000		0.078000	568
2792	0.000000		0.078000	568
2793	0.000000		0.078000	568
2794	0.000000		0.078000	568
2795	0.000000		0.078000	569
2796	0.000000		0.078000	569
2797	0.000000		0.078000	569
2798	0.000000		0.078000	569
2799	0.000000		0.078000	569
2800	0.000000		0.080000	570
2801	0.000000		0.078000	570
2802	0.000000		0.078000	570
2803	0.000000		0.078000	570
2804	0.000000		0.078000	570
2805	0.000000		0.078000	571
2806	0.000000		0.078000	571
2807	0.000000		0.078000	571
2808	0.000000		0.078000	571
2809	0.000000		0.078000	571
2810	0.000000		0.080000	572
2811	0.000000		0.078000	572
2812	0.000000		0.080000	572
2813	0.000000		0.078000	572
2814	0.000000		0.080000	572
2815	0.000000		0.078000	573
2816	0.000000		0.078000	573
2817	0.000000		0.080000	573
2818	0.000000		0.078000	573
2819	0.000000		0.080000	573
2820	0.000000		0.078000	574
2821	0.000000		0.080000	574
2822	0.000000		0.078000	574
2823	0.000000		0.080000	574
2824	0.000000		0.078000	574
2825	0.000000		0.080000	575
2826	0.000000		0.078000	575
2827	0.000000		0.078000	575
2828	0.000000		0.078000	575
2829	0.000000		0.078000	575
2830	0.000000		0.078000	576
2831	0.000000		0.078000	576
2832	0.000000		0.078000	576
2833	0.000000		0.078000	576
2834	0.000000		0.078000	576
2835	0.000000		0.078000	577
2836	0.000000		0.078000	577
2837	0.000000		0.078000	577
2838	0.000000		0.078000	577
2839	0.000000		0.078000	577
2840	0.000000		0.078000	578
2841	0.000000		0.078000	578
2842	0.000000		0.078000	578
2843	0.000000		0.078000	578
2844	0.000000		0.078000	578
2845	0.000000		0.078000	579
2846	0.000000		0.078000	579
2847	0.000000		0.078000	579
2848	0.000000		0.078000	579
2849	0.000000		0.078000	579
2850	0.000000		0.078000	580
2851	0.000000		0.078000	580
2852	0.000000		0.078000	580
2853	0.000000		0.078000	580
2854	0.000000		0.078000	581
2855	0.000000		0.078000	581
2856	0.000000		0.078000	581
2857	0.000000		0.078000	581
2858	0.000000		0.078000	581
2859	0.000000		0.078000	582
2860	0.000000		0.078000	582
2861	0.000000		0.078000	582
2862	0.000000		0.078000	582
2863	0.000000		0.078000	582
2864	0.000000		0.078000	583
2865	0.000000		0.078000	583
2866	0.000000		0.078000	583
2867	0.000000		0.078000	583
2868	0.000000		0.078000	583
2869	0.000000		0.078000	584
2870	0.000000		0.078000	584
2871	0.000000		0.078000	584
2872	0.000000		0.078000	584
2873	0.000000		0.078000	584
2874	0.000000		0.078000	585
2875	0.000000		0.078000	585
2876	0.000000		0.078000	585
2877	0.000000		0.078000	585
2878	0.000000		0.078000	585
2879	0.000000		0.078000	586
2880	0.000000		0.078000	586
2881	0.000000		0.078000	586
2882	0.000000		0.078000	586
2883	0.000000		0.078000	586
2884	0.000000		0.078000	587
2885	0.000000		0.078000	587
2886	0.000000		0.078000	587
2887	0.000000		0.078000	587
2888	0.000000		0.078000	587
2889	0.000000		0.078000	588
2890	0.000000		0.078000	588
2891	0.000000		0.078000	588
2892	0.000000		0.078000	588
2893	0.000000		0.078000	588
2894	0.000000		0.078000	589
2895	0.000000		0.078000	589
2896	0.000000		0.078000	589
2897	0.000000		0.078000	589
2898	0.000000		0.078000	589
2899	0.000000		0.078000	590
2900	0.000000		0.078000	590
2901	0.000000		0.076000	590
2902	0.000000		0.078000	590
2903	0.000000		0.076000	590
2904	0.000000		0.076000	591
2905	0.000000		0.076000	591
2906	0.000000		0.078000	591
2907	0.000000		0.076000	591
2908	0.000000		0.078000	591
2909	0.000000		0.076000	592
2910	0.000000		0.078000	592
2911	0.000000		0.076000	592
2912	0.000000		0.078000	592
2913	0.000000		0.076000	592
2914	0.000000		0.078000	593
2915	0.000000		0.078000	593
2916	0.000000		0.078000	593
2917	0.000000		0.078000	593
2918	0.000000		0.078000	594
2919	0.000000		0.076000	594
2920	0.000000		0.076000	594
2921	0.000000		0.076000	594
2922	0.000000		0.076000	594
2923	0.000000		0.076000	595
2924	0.000000		0.076000	595
2925	0.000000		0.076000	595
2926	0.000000		0.078000	595
2927	0.000000		0.078000	595
2928	0.000000		0.078000	596
2929	0.000000		0.078000	596
2930	0.000000		0.078000	596
2931	0.000000		0.078000	596
2932	0.000000		0.078000	596
2933	0.000000		0.078000	597
2934	0.000000		0.078000	597
2935	0.000000		0.078000	597
2936	0.000000		0.078000	597
2937	0.000000		0.078000	597
2938	0.000000		0.078000	598
2939	0.000000		0.078000	598
2940	0.000000		0.078000	598
2941	0.000000		0.078000	598
2942	0.000000		0.078000	598
2943	0.000000		0.076000	599
2944	0.000000		0.078000	599
2945	0.000000		0.078000	599
2946	0.000000		0.078000	599
2947	0.000000		0.078000	599
2948	0.000000		0.078000	600
2949	0.000000		0.078000	600
2950	0.000000		0.078000	600
2951	0.000000		0.078000	600
2952	0.000000		0.078000	600
2953	0.000000		0.078000	601
2954	0.000000		0.078000	601
2955	0.000000		0.078000	601
2956	0.000000		0.078000	601
2957	0.000000		0.078000	601
2958	0.000000		0.078000	602
2959	0.000000		0.078000	602
2960	0.000000		0.078000	602
2961	0.000000		0.078000	602
2962	0.000000		0.078000	602
2963	0.000000		0.078000	603
2964	0.000000		0.078000	603
2965	0.000000		0.078000	603
2966	0.000000		0.078000	603
2967	0.000000		0.078000	603
2968	0.000000		0.078000	604
2969	0.000000		0.078000	604
2970	0.000000		0.078000	604
2971	0.000000		0.078000	604
2972	0.000000		0.078000	604
2973	0.000000		0.078000	605
2974	0.000000		0.078000	605
2975	0.000000		0.078000	605
2976	0.000000		0.078000	605
2977	0.000000		0.078000	606
2978	0.000000		0.078000	606
2979	0.000000		0.078000	606
2980	0.000000		0.078000	606
2981	0.000000		0.078000	606
2982	0.000000		0.078000	607
2983	0.000000		0.078000	607
2984	0.000000		0.078000	607
2985	0.000000		0.078000	607
2986	0.000000		0.078000	607
2987	0.000000		0.078000	608
2988	0.000000		0.078000	608
2989	0.000000		0.078000	608
2990	0.000000		0.078000	608
2991	0.000000		0.076000	608
2992	0.000000		0.078000	609
2993	0.000000		0.076000	609
2994	0.000000		0.076000	609
2995	0.000000		0.076000	609
2996	0.000000		0.076000	609
2997	0.000000		0.076000	610
2998	0.000000		0.076000	610
2999	0.000000		0.076000	610
3000	0.000000		0.076000	610
